Rk,Player,Pos,Age,Tm,G,MP,PER,TS%,3PAr,FTr,ORB%,DRB%,TRB%,AST%,STL%,BLK%,TOV%,USG%,,OWS,DWS,WS,WS/48,,OBPM,DBPM,BPM,VORP,Player-additional
1,Precious Achiuwa,C-PF,24,TOT,43,813,13.8,.511,.233,.200,13.1,20.3,16.7,9.3,1.4,3.1,12.2,17.6,,0.3,1.1,1.3,.079,,-2.2,0.2,-2.0,0.0,achiupr01
1,Precious Achiuwa,C,24,TOR,25,437,15.0,.512,.276,.247,12.4,22.2,17.2,14.2,1.8,2.4,13.3,21.3,,0.0,0.5,0.5,.057,,-1.5,0.0,-1.5,0.1,achiupr01
1,Precious Achiuwa,PF,24,NYK,18,376,12.5,.508,.160,.120,13.9,18.1,16.0,3.6,1.1,3.9,10.2,13.3,,0.3,0.6,0.8,.105,,-3.0,0.4,-2.6,-0.1,achiupr01
2,Bam Adebayo,C,26,MIA,40,1392,19.4,.563,.018,.441,7.2,28.0,17.4,19.6,1.5,2.8,11.9,26.1,,1.3,2.2,3.5,.122,,0.4,1.2,1.6,1.3,adebaba01
3,Ochai Agbaji,SG,23,UTA,51,1003,8.0,.531,.570,.080,3.9,9.8,6.9,6.0,1.3,2.5,11.7,12.1,,0.1,0.6,0.6,.030,,-2.7,-0.3,-3.0,-0.2,agbajoc01
4,Santi Aldama,PF,23,MEM,38,916,13.2,.534,.517,.160,5.3,21.2,12.9,12.2,1.4,2.7,10.1,19.5,,0.0,1.3,1.2,.065,,-0.7,0.6,-0.1,0.4,aldamsa01
5,Nickeil Alexander-Walker,SG,25,MIN,50,1153,9.7,.558,.663,.120,2.1,7.0,4.7,14.7,1.9,2.0,13.3,13.5,,0.5,1.9,2.4,.100,,-1.9,2.0,0.0,0.6,alexani01
6,Grayson Allen,SG,28,PHO,44,1445,13.6,.696,.617,.218,2.6,11.2,7.1,11.8,1.3,1.6,13.3,14.3,,2.6,1.1,3.7,.124,,1.0,-0.3,0.7,1.0,allengr01
7,Jarrett Allen,C,25,CLE,42,1274,22.3,.674,.002,.366,13.4,25.3,19.4,13.8,1.4,3.3,13.6,18.9,,3.6,2.5,6.0,.226,,2.0,1.7,3.7,1.8,allenja01
8,Jose Alvarado,PG,25,NOP,31,499,13.3,.545,.587,.196,2.7,11.5,7.1,15.1,3.0,2.0,10.2,18.6,,0.3,0.7,1.0,.097,,-1.0,1.7,0.6,0.3,alvarjo01
9,Kyle Anderson,PF,30,MIN,50,1097,12.0,.516,.119,.354,4.1,13.3,9.0,24.2,1.7,2.3,17.1,14.5,,0.6,2.0,2.6,.113,,-1.8,2.7,0.9,0.8,anderky01
10,Giannis Antetokounmpo,PF,29,MIL,48,1698,29.7,.651,.094,.591,8.3,26.4,17.6,30.4,1.9,2.5,13.0,33.1,,6.1,2.4,8.5,.239,,6.3,2.1,8.5,4.5,antetgi01
11,Thanasis Antetokounmpo,PF,31,MIL,19,77,3.3,.500,.000,.000,5.9,5.5,5.7,14.1,1.2,3.2,39.1,12.7,,-0.1,0.1,-0.1,-0.051,,-7.9,-0.7,-8.7,-0.1,antetth01
12,Cole Anthony,PG,23,ORL,49,1141,14.4,.547,.349,.360,4.3,15.6,9.9,20.7,1.7,1.7,13.6,23.8,,0.5,1.7,2.2,.093,,-1.0,0.7,-0.3,0.5,anthoco01
13,OG Anunoby,SF,26,TOT,41,1400,13.5,.609,.475,.176,3.0,10.5,6.7,9.3,1.9,1.8,10.7,17.6,,1.3,1.4,2.6,.090,,-0.6,0.5,-0.1,0.7,anunoog01
13,OG Anunoby,SF,26,TOR,27,900,12.6,.598,.508,.143,2.9,10.3,6.5,11.2,1.5,1.3,11.2,18.3,,0.6,0.6,1.1,.060,,-1.0,-0.5,-1.5,0.1,anunoog01
13,OG Anunoby,SF,26,NYK,14,500,15.1,.630,.408,.242,3.3,11.0,7.2,5.9,2.5,2.8,9.9,16.4,,0.7,0.8,1.5,.144,,0.0,2.4,2.4,0.6,anunoog01
14,Ryan Arcidiacono,PG,29,NYK,20,45,-1.9,.000,1.000,.000,0.0,19.5,9.8,10.2,2.2,0.0,25.0,7.6,,-0.1,0.1,-0.1,-0.082,,-11.8,2.0,-9.7,-0.1,arcidry01
15,Deni Avdija,SF,23,WAS,49,1346,14.7,.601,.283,.318,3.8,20.3,11.9,19.0,1.5,1.3,15.0,19.0,,1.1,0.9,2.0,.071,,-0.9,-0.1,-1.0,0.4,avdijde01
16,Deandre Ayton,C,25,POR,34,1083,16.2,.575,.000,.121,10.2,26.9,18.1,8.3,1.5,2.1,12.8,18.4,,0.7,1.2,1.9,.086,,-1.3,-0.3,-1.6,0.1,aytonde01
17,Udoka Azubuike,C,24,PHO,12,102,13.7,.652,.000,.500,13.3,21.4,17.6,4.1,0.0,5.2,13.0,13.1,,0.1,0.1,0.2,.117,,-2.5,-0.3,-2.7,0.0,azubuud01
18,Ibou Badji,C,21,POR,13,164,9.3,.595,.000,.400,11.6,19.0,15.1,6.4,0.6,9.3,33.8,6.9,,0.0,0.2,0.2,.068,,-7.1,2.0,-5.1,-0.1,badjiib01
19,Marvin Bagley III,C,24,TOT,34,670,19.0,.639,.035,.407,12.7,17.9,15.2,8.7,0.7,2.1,12.9,22.0,,1.3,0.3,1.5,.110,,0.6,-1.8,-1.2,0.1,baglema01
19,Marvin Bagley III,C,24,DET,26,478,18.0,.638,.033,.337,10.6,17.3,13.9,8.7,0.5,2.4,12.2,20.9,,0.9,0.2,1.0,.102,,0.4,-1.7,-1.3,0.1,baglema01
19,Marvin Bagley III,C,24,WAS,8,192,21.4,.643,.039,.571,18.1,19.2,18.6,8.7,1.2,1.3,14.2,24.6,,0.4,0.1,0.5,.131,,1.1,-1.9,-0.9,0.1,baglema01
20,Amari Bailey,PG,19,CHO,2,11,3.6,.363,.333,.333,19.3,0.0,10.2,0.0,0.0,0.0,12.7,31.1,,-0.1,0.0,-0.1,-0.252,,-5.6,-8.4,-13.9,0.0,baileam01
21,Patrick Baldwin Jr.,SF,21,WAS,17,123,9.8,.540,.537,.293,6.0,25.6,15.6,7.4,0.4,2.0,11.5,17.9,,0.0,0.1,0.1,.026,,-3.8,-1.7,-5.4,-0.1,baldwpa01
22,LaMelo Ball,PG,22,CHO,22,711,20.6,.561,.466,.246,4.3,14.0,8.9,42.2,2.7,0.5,15.0,33.7,,0.5,0.4,1.0,.065,,3.6,-0.7,2.9,0.9,ballla01
23,Mo Bamba,C,25,PHI,27,267,19.5,.598,.256,.267,15.3,23.2,19.3,7.4,2.0,8.3,14.3,17.9,,0.4,0.5,0.9,.163,,-0.6,0.9,0.3,0.2,bambamo01
24,Paolo Banchero,PF,21,ORL,50,1744,17.1,.540,.230,.406,3.8,19.1,11.3,24.0,1.5,1.4,12.5,29.9,,0.4,2.5,2.9,.081,,1.1,0.1,1.2,1.4,banchpa01
25,Desmond Bane,SG,25,MEM,37,1277,18.9,.597,.460,.201,2.8,12.0,7.2,28.3,1.4,1.5,11.6,28.8,,1.5,1.3,2.9,.107,,3.3,0.1,3.5,1.8,banede01
26,Dalano Banton,PG,24,BOS,24,171,9.8,.468,.314,.392,7.8,13.6,10.8,14.3,1.4,1.5,14.3,17.6,,0.0,0.2,0.2,.063,,-5.0,0.6,-4.4,-0.1,bantoda01
27,Dominick Barlow,PF,20,SAS,22,295,14.1,.537,.089,.354,9.4,18.1,13.7,11.9,1.4,3.5,5.2,13.7,,0.4,0.3,0.7,.108,,-1.9,0.2,-1.7,0.0,barlodo01
28,Harrison Barnes,PF,31,SAC,48,1444,11.5,.621,.552,.264,3.1,7.9,5.5,5.5,1.2,0.5,7.4,14.8,,1.8,0.9,2.7,.090,,-0.9,-1.2,-2.1,0.0,barneha02
29,Scottie Barnes,SG,22,TOR,49,1737,19.4,.575,.329,.266,6.9,18.7,12.7,24.3,1.7,3.6,13.3,24.6,,2.1,1.9,4.0,.111,,2.9,0.9,3.8,2.5,barnesc01
30,RJ Barrett,SG,23,TOT,40,1247,15.5,.564,.311,.333,3.0,15.7,9.3,13.8,0.8,1.1,9.8,25.8,,1.0,1.2,2.2,.085,,0.1,-1.3,-1.2,0.2,barrerj01
30,RJ Barrett,SG,23,NYK,26,766,14.2,.536,.335,.320,2.8,13.2,8.0,12.6,0.8,1.1,9.6,27.2,,0.4,0.8,1.2,.074,,-0.6,-1.6,-2.2,0.0,barrerj01
30,RJ Barrett,SG,23,TOR,14,481,17.5,.618,.266,.357,3.4,19.7,11.4,15.6,0.9,1.1,10.1,23.7,,0.7,0.4,1.0,.102,,1.2,-1.0,0.3,0.3,barrerj01
31,Charles Bassey,C,23,SAS,19,205,17.6,.739,.025,.150,11.9,28.2,19.9,14.0,1.8,7.1,26.0,11.8,,0.3,0.3,0.6,.147,,-1.9,3.0,1.1,0.2,bassech01
32,Emoni Bates,SF,20,CLE,10,76,3.7,.348,.800,.080,1.5,12.9,7.3,9.8,0.6,2.4,3.7,15.3,,-0.1,0.1,0.0,-0.016,,-5.4,-0.7,-6.2,-0.1,batesem01
33,Keita Bates-Diop,SF,28,PHO,39,597,11.3,.525,.427,.240,6.2,13.0,9.8,7.4,1.8,3.0,7.3,13.0,,0.4,0.6,1.0,.084,,-1.5,0.2,-1.3,0.1,bateske01
34,Nicolas Batum,PF,35,TOT,34,846,11.5,.684,.719,.104,5.5,11.6,8.6,11.6,1.3,2.6,13.0,8.2,,1.4,0.9,2.3,.129,,0.1,0.7,0.8,0.6,batumni01
34,Nicolas Batum,PF,35,LAC,3,54,9.7,.500,.875,.000,0.0,14.1,7.3,11.0,2.7,6.7,11.1,7.3,,0.0,0.1,0.1,.101,,-1.5,4.4,2.9,0.1,batumni01
34,Nicolas Batum,PF,35,PHI,31,792,11.6,.695,.709,.110,5.9,11.5,8.7,11.6,1.2,2.3,13.1,8.3,,1.4,0.8,2.2,.131,,0.2,0.5,0.6,0.5,batumni01
35,Bradley Beal,SG,30,PHO,26,866,14.5,.579,.305,.221,2.8,11.2,7.3,20.7,1.2,0.8,13.2,23.5,,0.7,0.6,1.3,.073,,-1.0,-1.7,-2.7,-0.1,bealbr01
36,Malik Beasley,SG,27,MIL,48,1414,11.0,.641,.721,.049,2.4,12.2,7.5,5.9,1.2,0.3,7.3,13.5,,1.7,0.9,2.6,.087,,-0.3,-0.7,-1.1,0.3,beaslma01
37,MarJon Beauchamp,SF,23,MIL,36,540,8.6,.578,.453,.144,4.2,12.6,8.5,6.7,1.0,0.9,14.0,13.5,,0.1,0.3,0.5,.041,,-2.6,-1.0,-3.6,-0.2,beaucma01
38,Jules Bernard,SG,24,WAS,6,28,3.6,.292,.667,.000,7.5,11.6,9.5,22.5,1.7,2.9,14.3,21.1,,-0.1,0.0,-0.1,-0.153,,-7.2,-1.2,-8.4,0.0,bernaju01
39,Dāvis Bertāns,PF,31,OKC,15,91,17.2,.675,.923,.577,2.6,9.4,6.1,12.2,1.6,3.1,3.0,16.0,,0.3,0.1,0.4,.228,,3.1,0.8,3.9,0.1,bertada01
40,Patrick Beverley,PG,35,PHI,45,875,11.5,.544,.462,.271,3.5,14.0,8.8,20.3,1.3,1.8,15.2,14.5,,0.7,0.9,1.6,.087,,-1.4,0.1,-1.3,0.2,beverpa01
41,Saddiq Bey,SF,24,ATL,48,1551,12.4,.540,.523,.284,8.4,13.7,10.9,5.9,1.3,0.3,6.8,16.3,,1.8,0.5,2.3,.071,,-0.4,-1.9,-2.3,-0.1,beysa01
42,Goga Bitadze,C,24,ORL,41,809,18.5,.641,.056,.380,13.4,22.2,17.7,11.6,1.6,7.1,12.9,12.8,,1.7,1.6,3.3,.198,,-0.1,3.0,2.9,1.0,bitadgo01
43,Onuralp Bitim,SG,24,CHI,1,3,0.0,,,,0.0,0.0,0.0,0.0,0.0,0.0,,0.0,,0.0,0.0,0.0,.003,,-7.4,-3.4,-10.8,0.0,bitimon01
44,Bismack Biyombo,C,31,MEM,30,718,9.9,.560,.000,.387,8.4,21.2,14.5,10.0,0.7,4.4,21.4,10.6,,0.1,1.0,1.1,.071,,-4.9,1.6,-3.2,-0.2,biyombi01
45,Anthony Black,PG,20,ORL,46,874,8.9,.590,.360,.349,3.1,10.7,6.8,11.6,1.5,1.8,16.9,11.9,,0.4,1.1,1.5,.082,,-3.6,1.1,-2.5,-0.1,blackan01
46,Leaky Black,SF,24,CHO,19,149,11.9,.579,.387,.323,4.3,14.3,9.0,9.8,1.6,3.0,5.3,10.9,,0.2,0.1,0.3,.084,,-1.9,-0.1,-2.1,0.0,blackle01
47,Bogdan Bogdanović,SG,31,ATL,47,1352,15.4,.573,.600,.147,1.8,10.2,5.9,13.4,2.2,0.7,7.2,23.0,,1.8,0.6,2.5,.087,,1.1,-0.6,0.5,0.9,bogdabo01
48,Bojan Bogdanović,PF,34,DET,28,921,14.0,.600,.487,.245,1.6,10.1,5.7,11.7,1.2,0.4,11.8,24.5,,0.5,0.1,0.7,.034,,0.3,-2.5,-2.2,0.0,bogdabo02
49,Bol Bol,PF,24,PHO,13,101,21.5,.761,.233,.167,13.4,24.9,19.5,8.8,1.9,5.2,19.9,17.3,,0.2,0.2,0.4,.183,,1.8,1.2,3.0,0.1,bolbo01
50,Marques Bolden,C,25,MIL,2,3,3.1,,,,0.0,70.8,36.6,0.0,0.0,0.0,,0.0,,0.0,0.0,0.0,.098,,-7.9,2.2,-5.7,0.0,boldema01
51,Devin Booker,PG,27,PHO,41,1477,22.8,.618,.304,.351,2.3,12.6,7.8,32.7,1.2,1.0,10.5,30.3,,4.6,1.2,5.8,.187,,4.3,-1.2,3.1,1.9,bookede01
52,Brandon Boston Jr.,SF,22,LAC,13,101,11.3,.505,.347,.163,8.1,7.6,7.8,7.1,1.0,1.8,7.1,24.4,,0.0,0.1,0.1,.043,,-3.8,-3.1,-6.9,-0.1,bostobr01
53,Chris Boucher,PF,31,TOR,44,618,14.8,.595,.446,.399,9.3,22.7,15.8,3.9,1.0,2.7,8.5,17.2,,0.8,0.6,1.4,.112,,-1.0,-1.4,-2.4,-0.1,bouchch01
54,James Bouknight,SG,23,CHO,14,81,15.8,.597,.732,.049,1.3,11.7,6.2,11.9,0.6,1.1,4.6,23.5,,0.1,0.0,0.1,.058,,4.3,-2.3,1.9,0.1,bouknja01
55,Jamaree Bouyea,PG,24,POR,6,57,-4.7,.238,.381,.000,3.7,16.9,9.9,19.3,0.0,0.0,27.6,21.6,,-0.4,0.0,-0.4,-0.299,,-13.1,-4.8,-18.0,-0.2,bouyeja01
56,Malaki Branham,PG,20,SAS,45,921,8.3,.511,.397,.082,1.6,8.9,5.2,15.4,0.9,0.5,12.6,18.5,,-0.6,0.3,-0.4,-0.019,,-3.9,-2.1,-6.0,-0.9,branhma01
57,Christian Braun,SG,22,DEN,51,959,11.3,.540,.316,.292,4.8,15.9,10.4,9.7,1.0,1.6,9.6,16.5,,0.5,1.0,1.5,.077,,-2.3,-0.7,-2.9,-0.2,braunch01
58,Mikal Bridges,SF,27,BRK,48,1684,16.3,.575,.397,.295,2.6,13.0,7.7,16.0,1.3,1.1,10.7,25.9,,1.6,1.2,2.8,.081,,1.2,-1.1,0.1,0.9,bridgmi01
59,Miles Bridges,SF,25,CHO,37,1373,15.0,.551,.374,.173,2.3,21.0,11.1,13.4,1.4,1.5,9.7,24.4,,0.1,0.7,0.8,.028,,-0.3,-1.3,-1.6,0.1,bridgmi02
60,Oshae Brissett,SF,25,BOS,32,363,13.4,.563,.398,.441,10.7,17.0,14.0,7.1,1.8,0.5,9.0,14.5,,0.6,0.6,1.1,.147,,-1.5,0.7,-0.8,0.1,brissos01
61,Malcolm Brogdon,PG,31,POR,39,1121,16.9,.560,.401,.234,2.7,12.9,7.4,30.8,1.2,0.6,9.9,23.0,,1.9,0.6,2.5,.106,,2.5,-0.7,1.8,1.1,brogdma01
62,Armoni Brooks,PG,25,BRK,10,104,8.1,.448,.696,.043,7.1,11.7,9.3,6.6,0.5,0.9,6.0,20.4,,-0.1,0.0,0.0,-0.018,,-2.2,-3.6,-5.8,-0.1,brookar01
63,Dillon Brooks,SF,28,HOU,40,1245,10.0,.576,.442,.209,2.4,9.5,6.0,7.1,1.5,0.3,10.8,18.2,,0.3,1.4,1.8,.068,,-3.2,0.2,-3.0,-0.3,brookdi01
64,Bruce Brown,SG-PG,27,TOT,41,1198,11.9,.560,.308,.240,3.4,15.4,9.3,11.9,1.7,1.0,10.7,16.5,,0.8,0.8,1.6,.065,,-2.0,-0.5,-2.5,-0.2,brownbr01
64,Bruce Brown,SG,27,IND,33,981,12.1,.568,.322,.261,2.9,15.1,9.0,12.4,1.7,0.6,10.5,16.5,,0.9,0.6,1.4,.069,,-1.8,-0.6,-2.3,-0.1,brownbr01
64,Bruce Brown,PG,27,TOR,8,217,11.3,.518,.246,.145,5.5,16.6,11.0,9.8,2.0,2.8,12.0,16.5,,0.0,0.2,0.2,.048,,-3.2,-0.2,-3.4,-0.1,brownbr01
65,Charlie Brown Jr.,SG,26,NYK,4,6,-12.2,.375,.750,.000,0.0,0.0,0.0,0.0,0.0,15.3,33.3,42.5,,-0.1,0.0,-0.1,-0.538,,-14.3,-6.7,-21.0,0.0,brownch02
66,Greg Brown III,PF,22,DAL,6,40,10.4,.501,.273,.818,8.1,16.9,12.4,13.1,0.0,8.8,21.1,20.2,,-0.1,0.0,0.0,-0.013,,-4.8,0.4,-4.4,0.0,browngr01
67,Jaylen Brown,SF,27,BOS,46,1527,18.1,.576,.332,.246,3.6,13.2,8.6,17.8,1.6,1.6,10.9,28.2,,1.6,2.2,3.8,.119,,0.8,0.2,1.0,1.1,brownja02
68,Kendall Brown,SG,20,IND,5,20,14.0,.579,.167,1.000,11.4,0.0,5.7,12.1,0.0,0.0,0.0,17.9,,0.1,0.0,0.1,.154,,-0.1,-2.3,-2.4,0.0,brownke03
69,Kobe Brown,PF,24,LAC,30,271,5.4,.460,.633,.033,3.9,12.9,8.5,7.7,1.1,1.0,7.6,10.6,,0.0,0.3,0.3,.046,,-4.8,0.3,-4.5,-0.2,brownko01
70,Moses Brown,C,24,POR,9,82,12.8,.395,.000,.190,23.3,41.0,31.6,3.5,1.2,3.3,14.9,13.9,,0.0,0.1,0.1,.047,,-4.8,-2.3,-7.1,-0.1,brownmo01
71,Troy Brown Jr.,SF,24,MIN,37,410,11.6,.603,.712,.186,4.2,15.2,10.1,11.8,1.0,0.4,12.4,15.6,,0.4,0.6,1.0,.121,,-0.3,0.7,0.4,0.2,browntr01
72,Jalen Brunson,PG,27,NYK,48,1722,21.9,.596,.326,.307,1.9,10.1,6.0,30.2,1.2,0.5,9.2,29.8,,5.1,1.8,6.9,.193,,5.2,-0.2,5.0,3.0,brunsja01
73,Thomas Bryant,C,26,MIA,25,259,15.2,.611,.052,.286,10.8,23.1,16.8,8.9,1.1,1.9,14.8,17.4,,0.3,0.3,0.6,.116,,-2.3,-0.6,-2.9,-0.1,bryanth01
74,Kobe Bufkin,SG,20,ATL,3,6,18.6,.410,.500,.500,17.4,37.4,27.0,22.6,0.0,0.0,0.0,33.3,,0.0,0.0,0.0,.068,,0.9,-4.8,-3.9,0.0,bufkiko01
75,Reggie Bullock,SF,32,HOU,20,180,8.0,.554,.738,.024,1.8,14.9,8.4,7.3,1.1,1.0,10.5,11.3,,0.0,0.2,0.3,.067,,-2.5,0.1,-2.5,0.0,bullore01
76,Alec Burks,SG,32,DET,42,872,14.4,.572,.609,.325,2.0,11.5,6.6,10.9,1.2,1.0,6.6,23.4,,1.1,0.2,1.3,.074,,1.0,-1.8,-0.9,0.3,burksal01
77,Jared Butler,SG,23,WAS,17,128,21.1,.689,.480,.300,0.0,9.3,4.6,35.5,2.9,1.3,15.0,21.9,,0.4,0.1,0.4,.167,,3.1,0.5,3.6,0.2,butleja02
78,Jimmy Butler,PF,34,MIA,35,1185,22.1,.629,.162,.589,7.0,10.6,8.7,20.6,1.8,0.8,8.8,24.5,,3.7,1.3,5.0,.202,,4.1,0.0,4.0,1.8,butleji01
79,Jamal Cain,PF,24,MIA,14,209,11.5,.538,.379,.288,6.4,9.4,7.9,2.1,2.1,1.9,5.1,16.6,,0.1,0.3,0.3,.079,,-2.6,0.0,-2.6,0.0,cainja01
80,Kentavious Caldwell-Pope,SG,30,DEN,49,1587,10.2,.584,.485,.226,1.5,6.5,4.1,9.0,2.1,1.2,10.3,13.1,,1.2,1.6,2.8,.084,,-2.5,0.5,-2.0,0.0,caldwke01
81,Toumani Camara,PF,23,POR,49,1157,9.6,.514,.421,.243,8.2,14.6,11.2,5.7,2.2,1.8,14.5,13.9,,-0.2,1.1,0.9,.038,,-4.1,0.3,-3.8,-0.5,camarto01
82,Clint Capela,C,29,ATL,47,1209,20.8,.595,.000,.332,19.4,25.2,22.2,5.3,1.1,5.2,8.1,16.7,,3.0,1.1,4.2,.165,,1.2,-1.3,-0.1,0.6,capelca01
83,Jevon Carter,PG,28,CHI,48,657,7.9,.476,.642,.020,0.8,5.4,3.1,12.2,1.9,1.9,9.2,18.8,,-0.6,0.6,0.0,-0.003,,-3.7,-0.4,-4.2,-0.4,carteje01
84,Wendell Carter Jr.,C,24,ORL,24,625,15.3,.626,.362,.368,8.6,21.2,14.8,9.1,0.9,1.8,11.2,16.6,,1.0,0.9,1.9,.148,,0.4,0.2,0.6,0.4,cartewe01
85,Alex Caruso,SG,29,CHI,43,1147,14.7,.630,.607,.211,4.0,11.4,7.6,14.4,2.5,4.1,14.5,15.3,,1.4,1.5,2.9,.122,,0.2,2.1,2.3,1.2,carusal01
86,Colin Castleton,C,23,LAL,5,32,19.1,.743,.000,.444,14.4,16.7,15.6,13.4,0.0,0.0,8.5,15.8,,0.1,0.0,0.2,.239,,0.2,-1.9,-1.7,0.0,castlco01
87,Malcolm Cazalon,SG,22,DET,1,3,0.0,,,,0.0,0.0,0.0,0.0,0.0,0.0,,0.0,,0.0,0.0,0.0,-0.021,,-6.1,-3.1,-9.2,0.0,cazalma01
88,Julian Champagnie,SF,22,SAS,43,707,10.8,.573,.724,.207,3.0,12.5,7.7,8.4,1.7,3.1,11.9,14.9,,0.1,0.6,0.7,.048,,-1.8,-0.4,-2.1,0.0,champju02
89,Max Christie,SG,20,LAL,41,707,7.4,.538,.491,.189,1.5,14.9,8.5,7.6,1.0,1.6,14.1,13.4,,-0.3,0.6,0.3,.021,,-4.2,-0.4,-4.6,-0.5,chrisma02
90,Sidy Cissoko,SF,19,SAS,5,32,5.5,.387,.667,.667,0.0,20.5,10.1,0.0,4.4,0.0,11.4,11.5,,-0.1,0.0,0.0,-0.014,,-9.3,0.4,-8.9,-0.1,cissosi01
91,Jordan Clarkson,SG,31,UTA,41,1230,12.8,.523,.368,.253,3.5,9.0,6.3,24.4,0.9,0.4,14.1,27.0,,0.0,0.3,0.3,.013,,-1.2,-3.1,-4.3,-0.7,clarkjo01
92,Nic Claxton,C,24,BRK,38,1126,20.0,.638,.009,.326,10.7,27.7,19.0,9.6,1.2,6.6,10.9,15.6,,2.2,1.7,4.0,.168,,0.4,1.5,2.0,1.1,claxtni01
93,Noah Clowney,PF,19,BRK,3,30,20.9,.680,.100,.400,10.5,14.7,12.6,14.8,0.0,3.0,7.8,18.1,,0.1,0.0,0.1,.212,,0.9,-1.7,-0.8,0.0,clownno01
94,Amir Coffey,SF,26,LAC,36,611,11.2,.703,.477,.238,2.5,8.7,5.7,5.0,1.4,0.6,9.5,11.3,,1.0,0.5,1.5,.119,,-1.2,0.0,-1.2,0.1,coffeam01
95,John Collins,PF,26,UTA,47,1300,15.7,.601,.329,.216,8.7,22.6,15.8,5.7,1.0,2.6,10.5,19.7,,1.5,1.2,2.7,.099,,-0.5,-1.2,-1.6,0.1,collijo01
96,Zach Collins,C,26,SAS,38,951,13.1,.559,.343,.251,8.0,16.4,12.2,18.2,1.0,2.3,16.8,21.8,,0.0,0.7,0.7,.033,,-2.4,-0.8,-3.1,-0.3,colliza01
97,Mike Conley,PG,36,MIN,45,1306,15.2,.610,.639,.161,1.4,9.2,5.6,30.4,1.7,0.6,11.1,14.9,,3.0,2.0,5.0,.185,,1.7,1.5,3.3,1.7,conlemi01
98,Pat Connaughton,SF,31,MIL,44,910,9.1,.588,.720,.148,3.4,12.6,8.1,9.7,1.1,0.7,11.0,10.1,,0.8,0.6,1.4,.075,,-1.4,-0.1,-1.4,0.1,connapa01
99,Bilal Coulibaly,SF,19,WAS,48,1278,9.2,.562,.402,.277,3.0,13.1,8.0,8.4,1.5,2.5,15.7,13.6,,-0.2,0.7,0.4,.016,,-3.5,-0.5,-4.0,-0.6,coulibi01
100,Ricky Council IV,SG,22,PHI,8,44,20.8,.594,.176,.765,10.1,10.1,10.1,3.3,2.2,0.0,0.0,22.0,,0.1,0.0,0.2,.202,,2.8,-1.6,1.2,0.0,councri01
101,Robert Covington,SF-PF,33,TOT,29,488,13.4,.580,.571,.265,7.1,14.9,11.0,6.1,3.9,3.3,9.1,10.5,,0.6,0.9,1.5,.145,,-1.0,3.2,2.2,0.5,covinro01
101,Robert Covington,PF,33,LAC,3,69,10.5,.455,.889,.222,3.4,9.5,6.6,11.8,4.3,2.6,0.0,6.2,,0.1,0.1,0.2,.133,,-2.3,4.5,2.2,0.1,covinro01
101,Robert Covington,SF,33,PHI,26,419,13.9,.593,.539,.270,7.7,15.8,11.8,5.2,3.8,3.4,9.9,11.3,,0.5,0.8,1.3,.147,,-0.7,2.9,2.2,0.4,covinro01
102,Torrey Craig,SF,33,CHI,28,586,11.0,.552,.556,.160,9.3,16.3,12.7,6.4,1.4,1.7,9.4,12.7,,0.6,0.6,1.2,.096,,-2.4,-0.2,-2.6,-0.1,craigto01
103,Jae Crowder,PF,33,MIL,19,446,9.1,.580,.695,.152,2.0,12.1,7.3,7.1,1.4,0.7,6.7,11.4,,0.3,0.3,0.7,.071,,-1.3,-0.1,-1.4,0.1,crowdja01
104,Cade Cunningham,PG,22,DET,40,1371,15.5,.542,.285,.238,1.3,12.1,6.6,34.6,1.4,0.8,15.2,30.0,,0.0,0.4,0.4,.013,,0.6,-2.2,-1.6,0.1,cunnica01
105,Seth Curry,SG,33,DAL,36,457,8.5,.502,.552,.131,3.6,9.1,6.3,8.5,1.8,0.6,9.4,15.8,,-0.1,0.3,0.2,.022,,-3.0,-1.1,-4.0,-0.2,curryse01
106,Stephen Curry,PG,35,GSW,43,1448,21.5,.634,.599,.278,1.5,12.7,7.1,24.1,1.2,1.1,12.0,31.5,,3.5,0.9,4.4,.147,,6.7,-1.2,5.5,2.7,curryst01
107,Dyson Daniels,PG,20,NOP,49,1069,11.1,.509,.429,.200,5.1,13.8,9.5,15.3,2.9,1.6,15.8,12.5,,0.3,1.6,1.9,.084,,-2.3,2.3,0.0,0.5,daniedy01
108,Anthony Davis,C,30,LAL,47,1687,25.2,.615,.069,.402,10.1,26.9,18.8,16.6,1.5,5.9,9.4,26.6,,4.1,2.9,7.0,.199,,3.3,1.7,5.0,3.0,davisan02
109,Johnny Davis,SG,21,WAS,23,183,6.4,.435,.119,.119,5.2,7.1,6.1,5.0,2.0,0.9,8.8,15.7,,-0.2,0.1,-0.2,-0.048,,-6.2,-2.0,-8.2,-0.3,davisjo06
110,JD Davison,SG,21,BOS,2,6,15.2,.532,1.000,2.000,18.4,16.8,17.6,0.0,0.0,0.0,0.0,13.5,,0.0,0.0,0.0,.203,,-0.7,-1.5,-2.2,0.0,davisjd01
111,Dexter Dennis,SG,24,DAL,4,30,18.2,.541,.421,.158,3.6,30.0,16.6,24.1,0.0,2.9,12.9,33.1,,0.0,0.0,0.0,-0.009,,1.9,-0.3,1.6,0.0,dennide01
112,DeMar DeRozan,SF,34,CHI,48,1793,18.3,.567,.173,.422,1.6,10.8,6.1,22.1,1.6,1.9,7.4,24.7,,3.3,1.7,5.0,.134,,1.1,0.0,1.1,1.4,derozde01
113,Moussa Diabaté,C,22,LAC,10,58,23.6,.580,.000,.667,28.3,11.3,19.5,9.3,3.4,0.0,7.9,19.0,,0.2,0.1,0.3,.253,,4.1,-1.0,3.1,0.1,diabamo01
114,Mamadi Diakite,PF,27,SAS,3,16,30.3,.785,.000,1.200,6.6,13.6,10.1,20.1,0.0,5.3,0.0,20.0,,0.1,0.0,0.1,.337,,7.7,3.6,11.3,0.1,diakima01
115,Hamidou Diallo,SG,25,WAS,2,5,33.0,.500,.000,.000,42.1,0.0,21.4,28.5,18.7,0.0,33.3,25.3,,0.0,0.0,0.0,.197,,2.5,15.9,18.4,0.0,diallha01
116,Gradey Dick,SG,20,TOR,28,390,6.4,.468,.613,.198,3.6,9.8,6.7,10.3,1.9,0.0,13.0,15.2,,-0.3,0.2,0.0,-0.002,,-5.4,-0.8,-6.2,-0.4,dickgr01
117,Ousmane Dieng,PF,20,OKC,25,287,9.4,.570,.640,.163,3.7,13.0,8.6,10.1,0.3,0.0,12.4,15.9,,0.1,0.2,0.4,.062,,-2.3,-1.7,-4.0,-0.1,diengou01
118,Spencer Dinwiddie,PG,30,BRK,46,1400,13.6,.535,.559,.328,1.9,10.1,5.9,26.9,1.3,0.6,10.2,18.6,,2.0,0.8,2.8,.095,,-0.1,-0.7,-0.9,0.4,dinwisp01
119,Donte DiVincenzo,SG,27,NYK,50,1184,16.7,.612,.716,.122,3.6,11.5,7.5,14.5,2.4,1.2,9.3,20.4,,2.2,1.7,3.9,.160,,2.8,1.5,4.3,1.9,divindo01
120,Luka Dončić,PG,24,DAL,41,1542,28.2,.617,.431,.395,2.3,23.3,12.6,44.4,1.8,1.4,12.5,36.5,,4.9,1.6,6.6,.204,,8.4,1.0,9.5,4.5,doncilu01
121,Luguentz Dort,SF,24,OKC,48,1369,11.0,.587,.585,.241,4.8,10.1,7.6,5.9,1.4,2.4,9.2,15.3,,1.2,1.6,2.8,.097,,-1.5,-0.2,-1.7,0.1,dortlu01
122,Ayo Dosunmu,SG,24,CHI,48,1181,12.5,.593,.413,.160,2.9,8.9,5.9,12.8,1.6,1.9,11.0,16.2,,1.1,1.0,2.2,.088,,-1.6,0.1,-1.5,0.1,dosunay01
123,Andre Drummond,C,30,CHI,50,791,23.8,.566,.007,.454,22.9,36.0,29.3,5.2,3.5,3.8,13.2,21.8,,1.1,1.8,3.0,.180,,0.7,0.0,0.6,0.5,drumman01
124,Chris Duarte,SF,26,SAC,35,461,6.0,.476,.536,.192,3.1,12.7,7.8,8.6,1.9,0.4,12.9,14.3,,-0.3,0.4,0.1,.012,,-5.8,0.2,-5.6,-0.4,duartch01
125,Kris Dunn,PG,29,UTA,43,755,13.6,.553,.318,.094,4.4,13.4,9.0,32.1,2.4,2.2,21.6,14.0,,0.8,0.7,1.5,.094,,-0.8,1.5,0.7,0.5,dunnkr01
126,Kevin Durant,PF,35,PHO,43,1593,23.6,.651,.267,.342,1.7,17.2,9.9,25.5,1.2,3.0,12.4,29.1,,4.3,1.7,6.0,.181,,5.8,0.1,5.9,3.2,duranke01
127,Jalen Duren,C,20,DET,34,1015,18.6,.662,.006,.225,12.0,32.2,21.9,12.6,0.6,2.2,15.2,17.5,,1.9,0.7,2.6,.123,,0.3,-0.3,0.0,0.5,durenja01
128,Tari Eason,PF,22,HOU,22,480,17.1,.528,.265,.175,10.4,24.0,17.2,8.4,3.1,3.7,8.9,20.0,,0.2,1.1,1.3,.127,,-0.7,2.2,1.5,0.4,easonta01
129,Anthony Edwards,SG,22,MIN,47,1640,18.9,.586,.337,.339,2.2,13.8,8.4,24.7,1.6,1.2,13.5,31.8,,1.4,2.8,4.3,.124,,2.6,0.5,3.1,2.1,edwaran01
130,Kessler Edwards,SF,23,SAC,33,161,9.5,.514,.605,.093,3.4,15.0,9.1,7.0,1.2,2.2,2.2,12.1,,0.1,0.2,0.3,.076,,-1.7,-0.2,-1.9,0.0,edwarke02
131,Keon Ellis,SG,24,SAC,28,342,10.8,.602,.819,.205,2.9,9.4,6.1,12.9,2.0,3.2,14.2,13.1,,0.3,0.4,0.7,.092,,-1.2,1.2,-0.1,0.2,elliske01
132,Joel Embiid,C,29,PHI,34,1157,34.3,.645,.149,.534,8.5,28.2,18.4,31.3,1.6,4.6,11.9,39.0,,4.9,2.0,6.9,.286,,8.9,3.0,11.9,4.1,embiijo01
133,Drew Eubanks,C,26,PHO,44,710,14.7,.677,.019,.392,10.4,19.5,15.2,8.4,0.9,4.5,19.5,14.1,,1.0,0.8,1.8,.122,,-1.9,0.3,-1.6,0.1,eubandr01
134,Tosan Evbuomwan,SF,22,MEM,2,46,7.6,.333,.556,.000,18.3,12.3,15.4,11.5,0.0,0.0,10.0,9.3,,0.0,0.0,0.0,.047,,-2.4,-2.7,-5.2,0.0,evbuoto01
135,Dante Exum,PG,28,DAL,32,631,16.6,.663,.320,.217,3.1,12.7,7.8,20.5,1.4,0.7,10.8,16.8,,1.5,0.4,1.9,.146,,1.1,-0.4,0.7,0.4,exumda01
136,Bruno Fernando,C,25,ATL,13,84,12.9,.537,.111,.704,8.7,25.4,16.7,6.5,1.1,5.2,16.5,20.6,,0.0,0.1,0.0,.021,,-4.4,-0.4,-4.8,-0.1,fernabr01
137,Dorian Finney-Smith,PF,30,BRK,42,1211,10.1,.548,.676,.059,6.2,11.8,9.0,6.5,1.3,1.9,8.9,13.5,,0.7,0.9,1.6,.064,,-1.5,-0.4,-1.8,0.1,finnedo01
138,Malachi Flynn,PG,25,TOT,44,523,10.2,.534,.577,.212,2.7,12.3,7.4,19.4,1.8,1.0,17.0,16.8,,0.0,0.4,0.4,.039,,-2.9,0.2,-2.7,-0.1,flynnma01
138,Malachi Flynn,PG,25,TOR,31,474,10.0,.535,.584,.161,3.0,12.4,7.6,20.0,1.8,1.1,18.4,16.2,,0.0,0.4,0.3,.033,,-2.9,0.2,-2.7,-0.1,flynnma01
138,Malachi Flynn,PG,25,NYK,13,49,12.0,.524,.526,.579,0.0,11.2,5.6,14.1,1.0,0.0,7.7,22.4,,0.0,0.0,0.1,.091,,-3.0,0.3,-2.8,0.0,flynnma01
139,Simone Fontecchio,SF,28,UTA,49,1135,11.2,.596,.653,.113,4.8,11.5,8.2,8.3,1.2,1.4,11.7,15.4,,0.9,0.6,1.5,.064,,-0.5,-1.0,-1.5,0.1,fontesi01
140,Jordan Ford,PG,25,SAC,6,22,16.5,.761,.429,.286,0.0,10.4,5.1,12.7,0.0,0.0,11.3,17.2,,0.1,0.0,0.1,.151,,3.2,-1.3,2.0,0.0,fordjo01
141,Trent Forrest,SG,25,ATL,19,202,6.9,.389,.149,.213,2.6,11.7,7.0,22.7,1.6,0.4,16.3,12.4,,-0.1,0.1,0.0,-0.006,,-5.1,-0.1,-5.2,-0.2,forretr01
142,Evan Fournier,SG,31,NYK,3,39,2.2,.287,.750,.100,0.0,11.2,5.7,10.0,5.1,0.0,4.6,23.8,,-0.2,0.1,-0.1,-0.101,,-12.1,0.5,-11.6,-0.1,fournev01
143,De'Aaron Fox,PG,26,SAC,42,1496,20.3,.578,.382,.333,2.5,10.4,6.4,24.2,2.4,1.0,9.5,31.3,,2.2,1.6,3.7,.120,,2.7,-0.5,2.2,1.6,foxde01
144,Javon Freeman-Liberty,PG,24,TOR,2,4,8.0,.333,.000,.000,27.1,0.0,13.8,0.0,0.0,0.0,0.0,32.1,,0.0,0.0,0.0,-0.153,,-8.1,-9.5,-17.6,0.0,freemja01
145,Alex Fudge,SF,20,LAL,4,14,-2.0,.291,.333,.333,16.5,0.0,7.9,0.0,0.0,0.0,12.7,24.3,,-0.1,0.0,-0.1,-0.224,,-10.1,-8.1,-18.2,-0.1,fudgeal01
146,Markelle Fultz,PG,25,ORL,17,417,13.8,.511,.021,.091,5.7,9.6,7.6,22.4,2.7,1.3,11.3,17.3,,0.2,0.6,0.8,.093,,-1.9,2.5,0.7,0.3,fultzma01
147,Daniel Gafford,C,25,WAS,44,1157,19.9,.712,.000,.422,11.6,20.7,16.1,8.1,1.7,6.5,11.9,13.8,,3.0,1.3,4.2,.176,,-0.4,1.1,0.6,0.8,gaffoda01
148,Danilo Gallinari,PF-SF,35,TOT,31,464,15.1,.617,.500,.526,3.0,17.2,10.0,11.8,0.8,0.7,6.5,18.2,,0.9,0.2,1.1,.113,,0.2,-1.4,-1.2,0.1,gallida01
148,Danilo Gallinari,PF,35,WAS,26,385,13.4,.581,.489,.427,3.3,18.0,10.5,10.7,0.7,0.6,7.2,18.3,,0.5,0.1,0.6,.075,,-1.0,-1.9,-2.8,-0.1,gallida01
148,Danilo Gallinari,SF,35,DET,5,79,23.5,.792,.571,1.143,1.4,13.1,7.1,17.3,1.2,1.0,3.1,17.4,,0.5,0.0,0.5,.297,,6.0,0.6,6.6,0.2,gallida01
149,Darius Garland,PG,24,CLE,23,748,15.5,.574,.332,.277,1.8,7.0,4.4,26.6,2.4,0.5,17.6,27.2,,0.1,1.1,1.2,.074,,0.2,-0.4,-0.2,0.3,garlada01
150,Usman Garuba,PF,21,GSW,2,6,4.4,.000,.000,.000,0.0,0.0,0.0,18.8,8.1,0.0,0.0,7.0,,0.0,0.0,0.0,.002,,-7.2,5.7,-1.5,0.0,garubus01
151,Luka Garza,C,25,MIN,11,33,16.2,.511,.304,.435,18.6,13.0,15.6,11.0,0.0,0.0,6.8,39.2,,0.0,0.0,0.0,.064,,-4.2,-4.4,-8.6,-0.1,garzalu01
152,Kaiser Gates,SF,27,NOP,1,7,-19.6,.000,.500,.000,0.0,15.7,7.9,0.0,0.0,0.0,0.0,24.5,,-0.1,0.0,-0.1,-0.547,,-18.7,-10.0,-28.7,-0.1,gateska01
153,Keyonte George,PG,20,UTA,45,1086,10.9,.534,.562,.329,1.3,11.7,6.6,23.4,0.8,0.2,16.1,21.6,,0.2,0.3,0.5,.024,,-1.3,-2.2,-3.4,-0.4,georgke01
154,Paul George,PF,33,LAC,45,1526,18.9,.601,.482,.220,2.1,15.6,9.1,15.8,2.3,1.1,9.9,27.0,,2.4,2.1,4.5,.142,,2.4,0.4,2.8,1.9,georgpa01
155,Taj Gibson,PF,38,NYK,11,97,6.7,.500,.286,.000,6.9,13.6,10.2,6.5,0.5,5.7,12.5,7.0,,0.0,0.1,0.2,.090,,-5.4,1.6,-3.8,0.0,gibsota01
156,Josh Giddey,SG,21,OKC,49,1225,15.4,.524,.268,.146,6.7,20.7,14.1,25.1,1.3,1.9,15.6,23.0,,0.3,1.8,2.1,.081,,0.4,0.3,0.6,0.8,giddejo01
157,Harry Giles,C,25,BRK,16,81,18.2,.543,.250,.295,15.6,19.1,17.3,12.3,0.6,3.3,10.8,29.3,,0.0,0.1,0.1,.069,,-1.0,-1.7,-2.7,0.0,gilesha01
158,Shai Gilgeous-Alexander,PG,25,OKC,49,1693,30.9,.651,.171,.459,3.1,14.6,9.2,31.3,3.2,2.3,8.4,32.8,,7.8,3.0,10.8,.305,,7.4,3.0,10.4,5.3,gilgesh01
159,Anthony Gill,PF,31,WAS,29,163,11.5,.564,.255,.340,8.4,16.0,12.1,8.9,1.7,3.0,21.7,17.8,,-0.1,0.1,0.0,.005,,-3.6,-1.4,-5.1,-0.1,gillan01
160,Collin Gillespie,PG,24,DEN,15,97,8.9,.588,.520,.200,1.2,4.5,2.9,11.8,2.6,0.0,15.5,14.5,,0.0,0.1,0.1,.063,,-5.2,0.5,-4.6,-0.1,gilleco01
161,Jacob Gilyard,PG,25,MEM,33,573,11.6,.598,.828,.016,1.5,5.5,3.4,27.9,2.0,0.6,15.2,10.8,,0.8,0.5,1.3,.113,,-1.5,0.5,-1.0,0.1,gilyaja01
162,Rudy Gobert,C,31,MIN,49,1625,18.8,.665,.005,.662,12.7,29.3,21.6,5.1,0.9,5.6,13.1,15.7,,3.2,3.9,7.1,.209,,-0.1,1.9,1.8,1.6,goberru01
163,Jordan Goodwin,PG,25,PHO,39,558,12.3,.478,.415,.140,8.8,15.1,12.1,18.7,2.0,1.4,12.4,18.2,,0.1,0.6,0.8,.065,,-1.3,0.3,-1.0,0.1,goodwjo01
164,Aaron Gordon,PF,28,DEN,45,1435,16.1,.591,.184,.370,9.3,13.8,11.6,13.2,1.2,1.8,10.4,17.6,,2.4,1.5,3.9,.132,,0.7,-0.3,0.4,0.9,gordoaa01
165,Eric Gordon,SG,35,PHO,42,1259,11.3,.590,.642,.096,1.3,6.6,4.1,10.5,1.6,1.4,11.0,17.2,,0.7,0.9,1.6,.060,,-0.8,-1.0,-1.8,0.1,gordoer01
166,Devonte' Graham,PG,28,SAS,10,88,15.1,.555,.714,.286,2.4,13.6,7.9,28.9,1.6,1.0,8.7,16.4,,0.2,0.1,0.2,.116,,0.3,-0.1,0.2,0.0,grahade01
167,Jerami Grant,PF,29,POR,43,1443,16.0,.581,.325,.362,2.1,10.7,6.2,12.9,1.1,2.0,9.6,25.7,,1.5,0.8,2.3,.078,,1.1,-1.0,0.2,0.8,grantje01
168,A.J. Green,SG,24,MIL,30,238,12.0,.643,.864,.062,2.4,9.8,6.2,8.7,0.0,0.3,1.2,15.0,,0.5,0.1,0.6,.120,,0.9,-2.5,-1.6,0.0,greenaj01
169,Danny Green,SG,36,PHI,2,18,0.7,.000,.500,.000,0.0,12.3,6.1,6.3,2.7,0.0,0.0,4.7,,0.0,0.0,0.0,-0.034,,-7.3,0.7,-6.6,0.0,greenda02
170,Draymond Green,PF,33,GSW,22,592,14.2,.601,.400,.273,5.0,20.3,12.6,30.1,1.2,3.0,24.3,15.8,,0.7,0.6,1.3,.107,,0.4,2.3,2.7,0.7,greendr01
171,Jalen Green,SG,21,HOU,49,1508,13.5,.532,.437,.299,1.4,15.3,8.4,16.5,1.1,1.0,11.1,26.8,,-0.4,1.9,1.5,.046,,-0.6,-0.7,-1.3,0.3,greenja05
172,Jeff Green,PF,37,HOU,47,779,10.7,.622,.317,.538,3.9,9.5,6.7,5.8,0.5,2.5,11.9,14.4,,0.8,0.8,1.6,.102,,-2.5,0.0,-2.5,-0.1,greenje02
173,Josh Green,SG,23,DAL,36,977,9.3,.582,.508,.154,2.3,10.8,6.5,12.1,1.2,0.5,13.8,13.3,,0.5,0.5,1.0,.049,,-2.4,-1.0,-3.4,-0.3,greenjo02
174,AJ Griffin,SF,20,ATL,18,132,1.9,.403,.733,.044,1.6,10.2,5.7,3.8,0.4,0.7,11.6,16.1,,-0.3,0.0,-0.3,-0.097,,-5.5,-3.3,-8.9,-0.2,griffaj01
175,Quentin Grimes,SG,23,NYK,45,910,9.4,.543,.741,.119,1.7,8.9,5.3,7.7,1.6,0.3,6.5,15.0,,0.6,1.0,1.6,.086,,-2.2,0.6,-1.6,0.1,grimequ01
176,Mouhamed Gueye,PF,21,ATL,2,4,-0.6,.000,1.000,.000,0.0,0.0,0.0,0.0,11.8,0.0,0.0,10.2,,0.0,0.0,0.0,-0.110,,-12.8,3.6,-9.2,0.0,gueyemo02
177,Rui Hachimura,PF,25,LAL,37,851,13.9,.590,.344,.253,3.9,13.3,8.8,7.0,1.5,0.9,7.5,19.5,,0.7,0.8,1.5,.083,,-1.2,-0.8,-1.9,0.0,hachiru01
178,Tyrese Haliburton,PG,23,IND,38,1222,26.1,.632,.493,.235,2.3,11.9,7.1,50.6,1.5,1.7,11.9,26.2,,5.3,0.6,5.9,.233,,9.4,-0.4,8.9,3.4,halibty01
179,R.J. Hampton,PG,22,MIA,8,76,0.8,.336,.571,.143,2.9,6.1,4.5,13.8,0.0,0.0,16.8,10.4,,-0.1,0.0,-0.1,-0.047,,-8.2,-1.5,-9.7,-0.1,hamptrj01
180,Tim Hardaway Jr.,SF,31,DAL,46,1397,13.8,.570,.603,.199,1.2,12.4,6.7,8.2,0.8,0.1,5.7,23.9,,1.2,0.6,1.8,.062,,0.7,-2.8,-2.0,0.0,hardati02
181,James Harden,PG,34,LAC,43,1476,19.2,.632,.580,.424,1.2,14.5,8.1,33.1,1.7,2.4,16.0,20.3,,3.9,1.8,5.7,.187,,4.0,0.9,4.9,2.6,hardeja01
182,Jaden Hardy,SG,21,DAL,44,704,10.4,.499,.511,.149,2.2,12.5,7.2,15.7,1.0,0.4,9.1,23.3,,-0.3,0.3,0.0,.002,,-2.0,-2.5,-4.5,-0.4,hardyja02
183,Ron Harper Jr.,PF,23,TOR,1,4,-0.1,,,,0.0,0.0,0.0,28.1,0.0,0.0,,0.0,,0.0,0.0,0.0,.098,,-11.8,3.0,-8.8,0.0,harpero02
184,Gary Harris,SG,29,ORL,29,657,9.6,.574,.689,.189,2.2,6.2,4.2,10.8,1.7,0.8,8.7,12.7,,0.6,0.8,1.3,.097,,-2.4,0.9,-1.5,0.1,harriga01
185,Joe Harris,SG,32,DET,15,158,5.0,.502,.806,.056,2.1,7.3,4.6,8.0,0.9,1.0,9.8,10.9,,0.0,0.0,0.0,-0.001,,-4.4,-1.0,-5.4,-0.1,harrijo01
186,Kevon Harris,SG,26,ORL,1,3,-17.4,,,,0.0,39.1,19.1,0.0,0.0,0.0,100.0,14.3,,0.0,0.0,0.0,-0.390,,-23.9,-3.3,-27.2,0.0,harrike01
187,Tobias Harris,PF,31,PHI,44,1495,17.1,.606,.264,.262,3.7,15.8,9.7,14.0,1.4,1.4,8.8,20.4,,2.7,1.6,4.3,.137,,1.6,-0.5,1.2,1.2,harrito02
188,Shaquille Harrison,SG,30,MEM,3,6,15.7,.500,.000,.000,0.0,37.8,18.2,0.0,0.0,15.4,0.0,14.3,,0.0,0.0,0.0,.091,,-0.8,5.3,4.5,0.0,harrish01
189,Josh Hart,SF,28,NYK,49,1429,10.2,.517,.420,.145,5.1,20.9,13.0,13.3,1.3,0.9,14.8,12.3,,0.6,2.0,2.6,.088,,-2.1,1.5,-0.6,0.5,hartjo01
190,Isaiah Hartenstein,C,25,NYK,48,1229,16.9,.637,.014,.427,14.9,22.8,18.9,10.3,2.2,3.9,17.3,10.8,,2.4,2.4,4.8,.187,,-0.3,2.5,2.1,1.3,harteis01
191,Sam Hauser,SF,26,BOS,49,1063,11.7,.631,.859,.042,3.2,13.0,8.3,6.1,0.9,1.1,7.0,13.8,,1.4,1.3,2.7,.124,,0.6,0.1,0.7,0.7,hausesa01
192,Jordan Hawkins,SG,21,NOP,44,942,11.3,.561,.657,.196,2.9,11.7,7.3,8.7,0.8,0.4,8.1,19.8,,0.6,0.7,1.4,.070,,-0.5,-1.7,-2.2,-0.1,hawkijo01
193,Jaxson Hayes,C,23,LAL,40,426,12.0,.702,.060,.464,6.5,13.8,10.3,5.7,1.8,2.9,17.2,12.4,,0.5,0.5,1.0,.111,,-4.3,1.2,-3.1,-0.1,hayesja02
194,Killian Hayes,PG,22,DET,41,979,10.3,.471,.254,.181,1.2,12.2,6.6,26.5,1.8,1.7,14.4,15.0,,0.0,0.4,0.4,.020,,-3.0,0.2,-2.8,-0.2,hayeski01
195,Gordon Hayward,SF,33,CHO,25,798,14.1,.544,.205,.273,3.3,13.7,8.2,21.7,1.7,1.4,13.3,20.8,,0.3,0.3,0.5,.033,,-1.3,-0.8,-2.1,0.0,haywago01
196,Scoot Henderson,PG,19,POR,41,1095,8.7,.480,.334,.282,3.7,9.5,6.4,26.6,1.0,0.8,18.3,25.9,,-1.7,0.5,-1.2,-0.053,,-4.1,-2.4,-6.5,-1.2,hendesc01
197,Taylor Hendricks,PF,20,UTA,13,181,10.4,.520,.603,.138,6.7,10.7,8.8,4.4,2.4,3.4,12.8,16.2,,0.0,0.2,0.1,.032,,-2.5,-0.9,-3.3,-0.1,hendrita01
198,Tyler Herro,SG,24,MIA,30,1016,14.9,.544,.454,.136,1.8,16.4,9.0,21.5,1.4,0.2,10.7,28.2,,-0.2,1.1,0.9,.041,,1.0,-1.0,0.0,0.5,herroty01
199,Buddy Hield,SF,31,IND,51,1311,12.8,.582,.692,.065,3.0,11.4,7.1,12.6,1.5,1.9,10.4,18.5,,1.0,0.7,1.7,.063,,0.8,-0.8,0.1,0.7,hieldbu01
200,Haywood Highsmith,PF,27,MIA,36,762,9.7,.561,.591,.133,4.2,11.3,7.7,7.5,2.1,2.3,11.1,12.5,,0.3,1.0,1.2,.078,,-2.7,1.1,-1.6,0.1,highsha01
201,Nate Hinton,SG,24,HOU,10,43,15.0,.661,.533,.133,5.0,17.5,11.3,13.4,1.1,2.2,11.2,17.9,,0.1,0.1,0.1,.166,,0.4,1.1,1.5,0.0,hintona01
202,D'Moi Hodge,SG,25,LAL,7,41,6.1,.441,.800,.133,0.0,0.0,0.0,16.0,1.2,2.2,5.9,17.7,,0.0,0.0,0.0,-0.020,,-4.0,-2.5,-6.5,0.0,hodgedm01
203,Aaron Holiday,PG,27,HOU,46,783,10.6,.582,.549,.156,1.7,9.9,5.8,14.0,1.6,0.4,12.4,15.9,,0.5,0.9,1.4,.086,,-2.4,0.7,-1.7,0.0,holidaa01
204,Jrue Holiday,PG,33,BOS,46,1537,13.9,.580,.447,.134,4.5,13.9,9.4,18.5,1.1,2.0,14.4,17.0,,1.7,2.1,3.8,.120,,0.5,0.9,1.4,1.3,holidjr01
205,Justin Holiday,SG,34,DEN,28,361,9.8,.632,.684,.000,1.3,8.2,4.8,8.9,2.3,0.5,7.3,9.9,,0.4,0.4,0.8,.106,,-2.6,1.2,-1.4,0.1,holidju01
206,Richaun Holmes,C,30,DAL,22,232,13.8,.572,.000,.356,15.4,21.3,18.3,7.5,0.6,3.4,15.0,14.7,,0.3,0.2,0.5,.103,,-2.4,-1.0,-3.5,-0.1,holmeri01
207,Chet Holmgren,C,21,OKC,50,1509,20.3,.631,.360,.261,5.8,21.3,13.9,12.9,1.0,7.9,11.2,21.6,,2.6,2.8,5.4,.172,,2.0,2.0,4.0,2.3,holmgch01
208,Jalen Hood-Schifino,SG,20,LAL,15,92,-0.6,.321,.314,.457,2.5,9.3,6.0,10.9,1.6,1.9,16.0,23.4,,-0.5,0.1,-0.4,-0.199,,-11.9,-2.7,-14.6,-0.3,hoodsja01
209,Al Horford,C,37,BOS,41,1103,13.8,.625,.667,.056,5.1,20.8,13.3,13.5,0.9,3.1,11.1,11.2,,1.9,1.8,3.7,.159,,1.1,2.4,3.5,1.5,horfoal01
210,Talen Horton-Tucker,PG,23,UTA,32,675,13.4,.509,.369,.210,2.0,10.7,6.4,27.8,2.3,1.4,13.1,23.9,,0.1,0.5,0.6,.046,,-0.9,0.1,-0.8,0.2,hortota01
211,Danuel House Jr.,SF,30,PHI,33,497,8.5,.582,.475,.436,3.1,8.7,5.9,7.2,1.5,0.9,13.0,11.9,,0.3,0.4,0.7,.068,,-3.2,-0.5,-3.7,-0.2,houseda01
212,Caleb Houstan,SF,21,ORL,36,562,8.2,.570,.933,.148,4.2,8.3,6.2,5.5,0.9,0.2,7.6,13.1,,0.4,0.5,1.0,.082,,-1.7,-0.7,-2.3,-0.1,houstca01
213,Jett Howard,SF,20,ORL,11,42,8.7,.482,.737,.211,2.7,11.2,6.8,10.6,0.0,2.2,8.8,23.3,,0.0,0.0,0.0,-0.005,,-0.4,-1.7,-2.1,0.0,howarje01
214,Kevin Huerter,SG,25,SAC,46,1145,13.1,.572,.613,.097,2.5,14.7,8.5,14.9,1.3,1.3,7.2,17.6,,1.3,1.0,2.3,.098,,-0.1,-0.2,-0.2,0.5,huertke01
215,Jay Huff,C,25,DEN,7,18,6.3,.583,.667,.000,0.0,6.1,3.1,7.5,2.8,0.0,14.3,16.9,,0.0,0.0,0.0,.033,,-6.3,0.5,-5.8,0.0,huffja01
216,De'Andre Hunter,SF,26,ATL,26,759,11.7,.596,.440,.291,2.1,12.6,7.1,6.1,1.3,1.0,11.2,18.8,,0.6,0.3,0.8,.053,,-1.6,-1.2,-2.9,-0.2,huntede01
217,Matthew Hurt,PF,23,MEM,3,56,8.0,.440,.556,.167,7.5,4.1,5.9,7.7,0.0,1.7,0.0,14.8,,0.0,0.0,0.0,.032,,-2.0,-1.8,-3.8,0.0,hurtma01
218,Bones Hyland,PG,23,LAC,19,251,7.2,.471,.533,.100,1.4,6.1,3.8,18.1,2.0,0.4,15.5,25.7,,-0.5,0.2,-0.3,-0.048,,-5.0,-1.8,-6.8,-0.3,hylanbo01
219,Joe Ingles,SF,36,ORL,36,641,10.2,.552,.671,.137,2.6,13.7,8.1,23.1,1.8,0.4,18.9,12.8,,0.4,0.9,1.2,.093,,-2.0,1.4,-0.6,0.2,inglejo01
220,Brandon Ingram,SF,26,NOP,45,1493,18.1,.575,.232,.314,2.3,14.2,8.3,26.1,1.2,1.5,11.8,27.3,,2.0,1.6,3.5,.113,,1.5,-0.4,1.0,1.1,ingrabr01
221,Kyrie Irving,SG,31,DAL,27,900,22.3,.586,.358,.215,2.5,14.5,8.4,26.1,1.9,1.2,7.0,29.5,,2.1,0.7,2.8,.149,,5.3,-0.2,5.2,1.6,irvinky01
222,Jonathan Isaac,PF,26,ORL,32,464,17.8,.567,.380,.360,8.7,23.2,15.8,3.8,2.5,7.4,7.5,17.4,,0.5,1.1,1.6,.162,,-0.1,2.6,2.5,0.5,isaacjo01
223,Jaden Ivey,SG,21,DET,45,1218,14.0,.562,.366,.354,5.6,10.4,7.9,19.8,1.3,1.9,15.2,24.0,,0.4,0.4,0.8,.031,,-0.6,-1.6,-2.1,0.0,iveyja01
224,Andre Jackson Jr.,SG,22,MIL,40,450,9.3,.652,.462,.141,9.1,11.8,10.5,9.9,1.2,0.7,18.7,9.6,,0.6,0.3,0.9,.099,,-2.8,-0.2,-3.0,-0.1,jacksan01
225,Gregory Jackson II,PF,19,MEM,18,314,12.6,.543,.524,.286,5.0,14.8,9.7,7.0,1.2,2.7,9.6,21.4,,0.0,0.4,0.3,.050,,-1.2,-0.7,-1.9,0.0,jacksgg01
226,Isaiah Jackson,C,22,IND,38,512,20.9,.678,.019,.443,12.9,22.2,17.5,8.6,2.2,6.8,12.5,17.5,,1.3,0.7,2.0,.190,,-0.3,1.8,1.5,0.5,jacksis01
227,Jaren Jackson Jr.,C,24,MEM,47,1494,17.2,.558,.320,.373,4.0,15.6,9.6,11.4,1.6,4.7,10.1,29.7,,0.2,2.1,2.4,.076,,-0.4,0.5,0.2,0.8,jacksja02
228,Reggie Jackson,PG,33,DEN,51,1179,13.0,.546,.371,.133,1.7,8.2,5.0,23.5,1.3,0.7,11.6,21.6,,0.8,1.0,1.7,.071,,-0.9,-1.3,-2.2,-0.1,jacksre01
229,Trayce Jackson-Davis,PF,23,GSW,35,484,20.4,.681,.000,.438,12.6,20.5,16.6,9.7,1.2,5.4,12.3,17.0,,1.2,0.6,1.8,.175,,0.7,0.6,1.3,0.4,jackstr02
230,LeBron James,PF,39,LAL,45,1568,22.5,.610,.302,.310,3.0,19.9,11.8,35.5,1.8,1.5,13.8,29.2,,2.6,1.9,4.5,.139,,5.1,0.9,6.0,3.2,jamesle01
231,Jaime Jaquez Jr.,SF,22,MIA,44,1304,13.0,.583,.283,.236,4.6,10.1,7.3,13.9,1.8,0.8,13.0,19.3,,0.8,1.4,2.1,.079,,-2.1,-0.2,-2.3,-0.1,jaqueja01
232,DaQuan Jeffries,SG,26,NYK,10,30,5.0,.427,.417,.167,0.0,18.3,9.2,9.5,0.0,0.0,7.2,19.7,,-0.1,0.0,0.0,-0.040,,-5.1,-1.5,-6.6,0.0,jeffrda01
233,Trey Jemison,C,24,TOT,4,38,10.5,.661,.000,.429,8.3,14.6,11.5,0.0,1.3,7.3,26.5,12.8,,0.0,0.1,0.1,.068,,-5.8,0.7,-5.1,0.0,jemistr01
233,Trey Jemison,C,24,WAS,2,1,-35.9,,,,0.0,100.0,53.4,0.0,0.0,0.0,100.0,42.1,,0.0,0.0,0.0,-1.191,,-30.4,-3.7,-34.1,0.0,jemistr01
233,Trey Jemison,C,24,MEM,2,37,11.8,.661,.000,.429,8.6,12.3,10.3,0.0,1.3,7.5,19.4,12.0,,0.0,0.1,0.1,.102,,-5.1,0.8,-4.3,0.0,jemistr01
234,Ty Jerome,SG,26,CLE,2,15,7.6,.500,.250,.000,7.5,0.0,3.7,26.7,0.0,0.0,20.0,14.4,,0.0,0.0,0.0,.051,,-4.3,-0.6,-4.9,0.0,jeromty01
235,Isaiah Joe,SG,24,OKC,47,883,13.7,.637,.744,.126,2.5,11.2,7.1,7.7,1.6,1.4,8.1,17.0,,1.2,1.0,2.2,.121,,1.5,-0.2,1.3,0.7,joeis01
236,Cameron Johnson,PF,27,BRK,39,1112,14.6,.581,.546,.141,4.1,13.7,8.8,13.1,1.4,0.6,7.5,19.4,,1.5,0.8,2.3,.098,,1.1,-0.7,0.4,0.7,johnsca02
237,Jalen Johnson,SF,22,ATL,35,1169,16.3,.611,.285,.227,3.8,24.0,13.5,13.9,1.9,2.1,12.4,18.0,,1.5,1.0,2.5,.104,,0.4,0.9,1.3,1.0,johnsja05
238,James Johnson,PF,36,IND,5,24,11.5,.400,.200,.000,4.7,14.3,9.5,23.3,7.8,0.0,28.6,12.1,,0.0,0.0,0.0,.053,,-5.1,4.6,-0.5,0.0,johnsja01
239,Keldon Johnson,SF,24,SAS,46,1399,14.7,.559,.387,.269,5.1,15.9,10.4,15.6,1.4,0.9,9.9,22.8,,0.9,0.9,1.8,.061,,-0.3,-1.5,-1.8,0.1,johnske04
240,Keon Johnson,SG,21,BRK,1,21,16.0,.615,.500,.500,0.0,5.3,2.6,6.5,2.3,4.3,9.3,21.8,,0.0,0.0,0.1,.123,,0.3,-0.9,-0.6,0.0,johnske07
241,Keyontae Johnson,SF,23,OKC,7,57,0.7,.375,.167,.000,6.2,5.6,5.9,8.2,0.0,0.0,25.0,12.2,,-0.1,0.0,-0.1,-0.073,,-7.6,-3.1,-10.7,-0.1,johnske08
242,Nikola Jokić,C,28,DEN,49,1657,32.1,.657,.164,.331,10.3,29.8,20.2,43.9,1.7,2.3,12.8,29.6,,7.8,2.8,10.6,.307,,9.9,4.4,14.3,6.9,jokicni01
243,Colby Jones,SG,21,SAC,15,110,6.9,.404,.310,.071,9.0,12.5,10.7,10.8,1.7,0.8,10.3,18.7,,-0.2,0.1,-0.1,-0.023,,-6.3,-0.9,-7.1,-0.1,jonesco02
244,Damian Jones,C,28,CLE,22,141,12.6,.624,.219,.344,7.1,17.0,12.1,7.5,1.0,5.1,17.8,13.7,,0.1,0.2,0.4,.124,,-3.6,2.0,-1.7,0.0,jonesda03
245,Derrick Jones Jr.,SF,26,DAL,44,1144,12.2,.599,.504,.236,5.0,10.5,7.7,5.3,1.5,2.8,10.2,15.3,,1.0,0.8,1.8,.076,,-0.9,-0.6,-1.5,0.2,jonesde02
246,Herbert Jones,SF,25,NOP,44,1253,13.5,.622,.445,.260,4.3,9.5,6.9,11.6,1.9,3.2,11.9,15.0,,1.7,1.5,3.3,.125,,-0.5,1.0,0.5,0.8,joneshe01
247,Tre Jones,PG,24,SAS,45,1170,14.6,.577,.295,.202,2.9,10.4,6.6,30.9,1.8,0.4,14.3,15.8,,1.7,0.6,2.3,.095,,-0.7,-0.5,-1.2,0.2,jonestr01
248,Tyus Jones,PG,27,WAS,49,1395,16.3,.569,.356,.065,1.1,9.6,5.3,30.9,1.9,0.9,7.8,17.1,,2.3,0.5,2.9,.098,,1.0,-0.6,0.4,0.9,jonesty01
249,DeAndre Jordan,C,35,DEN,26,305,15.9,.622,.000,.701,15.7,27.3,21.6,8.1,0.8,3.7,17.8,15.2,,0.4,0.5,0.9,.136,,-1.9,-0.1,-2.1,0.0,jordade01
250,Cory Joseph,PG,32,GSW,25,291,5.2,.436,.650,.117,2.2,8.6,5.4,17.3,0.7,0.9,16.0,10.9,,-0.1,0.1,0.1,.010,,-4.6,-0.8,-5.4,-0.3,josepco01
251,Nikola Jović,PF,20,MIA,19,317,10.4,.516,.489,.217,6.0,23.6,14.6,16.2,0.9,2.2,15.2,16.6,,0.0,0.4,0.4,.057,,-2.8,1.1,-1.7,0.0,jovicni01
252,Johnny Juzang,SG,22,UTA,1,4,-11.2,.000,1.000,.000,0.0,0.0,0.0,28.4,0.0,0.0,0.0,20.8,,0.0,0.0,0.0,-0.385,,-13.8,-8.5,-22.3,0.0,juzanjo01
253,Luke Kennard,SG,27,MEM,23,560,12.8,.621,.761,.103,1.7,12.6,6.9,19.0,0.9,0.2,11.1,16.6,,0.7,0.5,1.2,.101,,0.6,-0.5,0.1,0.3,kennalu01
254,Walker Kessler,C,22,UTA,43,996,18.5,.659,.065,.285,12.1,22.7,17.5,4.9,0.9,10.3,13.4,13.3,,1.5,1.4,3.0,.143,,-0.4,1.9,1.5,0.9,kesslwa01
255,Braxton Key,SF,26,DEN,14,45,13.4,.463,.286,.357,5.1,19.5,12.4,22.2,2.2,0.0,5.8,16.6,,0.0,0.1,0.1,.116,,-1.6,0.7,-0.9,0.0,keybr01
256,Corey Kispert,SF,24,WAS,48,1053,12.4,.617,.627,.207,1.5,9.6,5.5,9.7,0.7,0.6,10.1,20.1,,0.7,0.1,0.8,.036,,-0.4,-2.5,-2.9,-0.2,kispeco01
257,Maxi Kleber,C,32,DAL,14,277,7.0,.557,.574,.296,3.5,13.4,8.4,9.4,0.7,2.6,18.7,11.5,,0.0,0.2,0.2,.031,,-3.7,-0.3,-4.0,-0.1,klebima01
258,Kevin Knox,SF,24,DET,31,560,9.8,.570,.505,.118,3.5,11.7,7.5,5.7,1.1,1.0,10.1,16.4,,0.2,0.1,0.3,.024,,-2.8,-1.9,-4.7,-0.4,knoxke01
259,John Konchar,SF,27,MEM,39,729,11.2,.510,.570,.104,6.5,18.8,12.4,12.5,1.9,4.6,15.0,9.8,,0.2,1.2,1.4,.092,,-2.8,2.3,-0.4,0.3,konchjo01
260,Furkan Korkmaz,SG,26,PHI,33,278,9.7,.538,.521,.274,0.4,9.6,5.0,11.6,2.4,0.3,9.9,13.9,,0.1,0.3,0.4,.066,,-3.0,0.6,-2.4,0.0,korkmfu01
261,Luke Kornet,C,28,BOS,34,514,18.9,.712,.000,.282,14.2,13.8,14.0,7.8,1.2,5.8,11.5,11.7,,1.6,0.9,2.4,.227,,1.0,2.1,3.1,0.7,kornelu01
262,Jonathan Kuminga,PF,21,GSW,45,1114,16.7,.611,.241,.372,5.4,14.7,10.0,10.3,1.4,1.3,11.2,23.6,,1.5,0.9,2.3,.101,,0.0,-0.9,-0.8,0.3,kuminjo01
263,Kyle Kuzma,PF,28,WAS,48,1511,15.7,.541,.357,.167,3.3,18.9,11.0,21.4,0.6,1.7,11.5,30.5,,-0.8,0.6,-0.1,-0.004,,0.3,-2.1,-1.8,0.1,kuzmaky01
264,Jock Landale,C,28,HOU,28,256,10.5,.448,.258,.227,14.4,9.2,11.8,8.3,1.3,4.0,12.1,13.9,,0.0,0.4,0.4,.071,,-3.6,-0.1,-3.7,-0.1,landajo01
265,Jake LaRavia,PF,22,MEM,11,122,4.8,.447,.558,.093,6.1,8.4,7.2,7.3,0.4,0.8,8.2,17.1,,-0.1,0.1,0.0,-0.019,,-6.9,-1.7,-8.6,-0.2,laravja01
266,Zach LaVine,SG,28,CHI,25,872,15.1,.578,.449,.274,1.0,15.9,8.3,17.1,1.2,0.9,11.0,23.8,,0.7,0.8,1.5,.083,,0.6,-0.6,0.0,0.4,lavinza01
267,A.J. Lawson,SG,23,DAL,22,213,11.8,.551,.500,.224,5.1,9.5,7.3,8.4,2.0,1.2,10.7,18.7,,0.1,0.2,0.2,.048,,-2.4,-1.2,-3.6,-0.1,lawsoaj01
268,Saben Lee,PG,24,PHO,11,75,15.7,.544,.238,.810,8.2,10.2,9.3,21.0,2.0,3.5,14.9,19.4,,0.1,0.1,0.2,.114,,-0.5,0.5,-0.1,0.0,leesa01
269,Alex Len,C,30,SAC,17,149,15.5,.599,.069,.345,17.0,25.4,21.1,16.4,1.0,4.9,24.8,12.7,,0.2,0.2,0.4,.132,,-1.9,1.7,-0.2,0.1,lenal01
270,Kawhi Leonard,SF,32,LAC,44,1511,24.1,.637,.299,.240,4.0,16.4,10.5,17.0,2.4,2.4,7.5,26.0,,4.5,2.2,6.7,.214,,5.5,1.3,6.8,3.4,leonaka01
271,Caris LeVert,SG,29,CLE,37,1049,14.7,.531,.418,.247,1.9,11.3,6.7,21.2,1.8,1.3,9.7,24.3,,0.6,1.5,2.1,.096,,-0.4,0.6,0.1,0.6,leverca01
272,Kira Lewis Jr.,PG,22,TOT,16,146,5.5,.387,.385,.212,3.0,7.5,5.3,15.8,1.7,0.7,12.3,19.1,,-0.3,0.1,-0.1,-0.046,,-6.6,-1.0,-7.6,-0.2,lewiski01
272,Kira Lewis Jr.,PG,22,NOP,15,144,5.7,.387,.385,.212,3.1,7.6,5.4,16.1,1.7,0.7,12.3,19.3,,-0.3,0.1,-0.1,-0.047,,-6.4,-1.0,-7.4,-0.2,lewiski01
272,Kira Lewis Jr.,PG,22,TOR,1,2,-7.4,,,,0.0,0.0,0.0,0.0,0.0,0.0,,0.0,,0.0,0.0,0.0,-0.002,,-22.0,0.1,-22.0,0.0,lewiski01
273,Maxwell Lewis,SF,21,LAL,18,67,-1.8,.292,.250,.000,1.7,3.2,2.5,5.3,1.4,0.0,29.4,10.9,,-0.2,0.0,-0.2,-0.132,,-9.1,-2.4,-11.5,-0.2,lewisma05
274,E.J. Liddell,PF,23,NOP,8,23,4.3,.291,.833,.333,0.0,23.9,12.0,5.1,4.2,8.6,22.5,16.6,,-0.1,0.1,0.0,-0.091,,-8.6,4.0,-4.6,0.0,liddeej01
275,Damian Lillard,PG,33,MIL,47,1663,20.0,.598,.490,.447,1.8,10.9,6.5,26.8,1.4,0.5,10.9,28.0,,4.1,1.1,5.2,.150,,3.5,-1.5,2.0,1.7,lillada01
276,Nassir Little,SF,23,PHO,29,383,10.6,.591,.557,.206,4.5,13.7,9.4,6.2,1.3,1.8,10.2,13.3,,0.3,0.3,0.7,.083,,-2.0,-0.5,-2.4,0.0,littlna01
277,Dereck Lively II,C,19,DAL,36,935,17.1,.726,.010,.281,12.1,21.7,16.8,6.9,1.2,4.7,15.6,12.3,,2.1,1.1,3.1,.160,,-0.8,0.1,-0.6,0.3,livelde01
278,Isaiah Livers,PF,25,DET,23,469,5.1,.460,.664,.155,3.5,8.1,5.8,6.8,1.3,0.9,11.4,12.6,,-0.3,0.1,-0.2,-0.024,,-5.0,-1.5,-6.5,-0.5,liveris01
279,Chris Livingston,SF,20,MIL,14,60,8.7,.571,.071,.143,3.8,19.5,11.9,8.3,1.6,0.0,16.8,12.6,,0.0,0.1,0.1,.051,,-4.8,-0.9,-5.7,-0.1,livinch01
280,Kenneth Lofton Jr.,PF,21,TOT,16,103,6.5,.428,.256,.385,2.0,16.5,9.0,20.6,1.4,2.7,14.9,22.3,,-0.2,0.1,-0.1,-0.054,,-6.7,0.4,-6.3,-0.1,loftoke01
280,Kenneth Lofton Jr.,PF,21,MEM,15,99,8.3,.447,.270,.405,2.1,14.9,8.3,21.4,1.5,2.8,12.1,21.5,,-0.1,0.1,0.0,-0.011,,-5.4,0.9,-4.5,-0.1,loftoke01
280,Kenneth Lofton Jr.,PF,21,PHI,1,4,-37.2,.000,.000,.000,0.0,55.3,27.7,0.0,0.0,0.0,50.0,42.7,,-0.1,0.0,-0.1,-1.113,,-39.2,-11.4,-50.6,0.0,loftoke01
281,Kevon Looney,C,27,GSW,46,884,15.4,.641,.006,.350,13.4,24.7,19.1,15.1,1.3,1.5,16.4,10.7,,2.0,0.9,2.9,.158,,-0.2,1.2,1.0,0.7,looneke01
282,Brook Lopez,C,35,MIL,48,1531,15.2,.604,.499,.178,5.6,13.0,9.5,6.7,0.9,7.0,7.9,15.8,,2.0,1.7,3.8,.118,,0.2,1.0,1.2,1.2,lopezbr01
283,Robin Lopez,C,35,MIL,15,46,5.7,.505,.636,.182,4.9,4.6,4.8,10.4,0.0,1.8,14.4,12.8,,0.0,0.0,0.0,.016,,-4.3,-2.6,-6.8,-0.1,lopezro01
284,Kevin Love,PF,35,MIA,39,694,18.6,.607,.690,.373,6.6,33.7,19.9,19.9,0.9,0.8,9.6,20.7,,1.5,1.0,2.5,.174,,3.1,0.8,3.9,1.0,loveke01
285,Kyle Lowry,PG,37,MIA,37,1037,10.8,.582,.665,.174,2.7,11.5,7.0,19.7,1.9,1.4,16.9,13.4,,0.7,1.2,1.9,.088,,-2.1,1.0,-1.1,0.2,lowryky01
286,Seth Lundy,SF,23,ATL,9,52,0.1,.373,.765,.235,2.0,13.0,7.3,0.0,0.0,0.0,5.1,15.6,,-0.1,0.0,-0.1,-0.091,,-7.9,-5.0,-12.9,-0.1,lundyse01
287,Trey Lyles,PF,28,SAC,34,683,12.0,.621,.735,.200,5.3,20.3,12.7,8.5,0.6,1.2,9.9,13.9,,0.9,0.6,1.5,.102,,0.0,-0.6,-0.7,0.2,lylestr01
288,Théo Maledon,PG,22,CHO,13,200,3.9,.379,.455,.182,2.1,11.3,6.4,18.7,1.7,0.0,17.4,18.7,,-0.5,0.0,-0.5,-0.114,,-7.8,-2.0,-9.8,-0.4,maledth01
289,Sandro Mamukelashvili,C,24,SAS,26,177,14.6,.515,.542,.271,9.6,21.0,15.2,19.2,1.1,3.9,10.8,17.5,,0.2,0.2,0.3,.086,,-1.1,0.1,-0.9,0.0,mamuksa01
290,Terance Mann,SG,27,LAC,42,1049,10.3,.557,.459,.179,5.6,8.5,7.1,9.0,1.2,0.9,8.0,13.0,,1.1,0.9,2.0,.090,,-1.7,-0.4,-2.2,0.0,mannte01
291,Tre Mann,PG,22,OKC,13,119,14.2,.606,.475,.025,4.0,17.9,11.3,22.3,1.2,0.0,18.2,18.1,,0.1,0.1,0.3,.102,,0.4,-0.3,0.1,0.1,manntr01
292,Boban Marjanović,C,35,HOU,9,48,16.3,.486,.095,.286,13.5,35.9,24.7,12.9,0.0,2.0,7.8,23.0,,0.0,0.1,0.1,.088,,-1.8,-1.6,-3.5,0.0,marjabo01
293,Lauri Markkanen,PF,26,UTA,41,1336,22.8,.647,.507,.316,8.1,20.5,14.4,9.4,1.3,1.4,6.3,24.8,,4.3,1.1,5.4,.195,,5.8,-1.1,4.7,2.3,markkla01
294,Naji Marshall,SF,26,NOP,40,741,13.0,.565,.390,.320,5.8,15.1,10.5,14.0,1.8,0.9,13.3,17.4,,0.6,0.9,1.5,.097,,-1.3,0.0,-1.3,0.1,marshna01
295,Caleb Martin,SF,28,MIA,33,874,11.2,.538,.352,.199,5.0,15.0,9.9,12.3,1.4,1.0,11.1,17.8,,0.2,1.0,1.1,.061,,-2.3,-0.3,-2.6,-0.1,martica02
296,Cody Martin,SF,28,CHO,17,440,8.6,.452,.405,.183,3.1,11.1,6.9,16.6,2.1,2.3,14.5,15.7,,-0.4,0.2,-0.2,-0.023,,-4.5,-0.1,-4.6,-0.3,martico01
297,KJ Martin,SF,23,TOT,34,315,7.2,.517,.171,.303,2.8,10.2,6.5,9.2,2.0,0.6,14.0,13.6,,-0.1,0.3,0.2,.032,,-6.2,-0.2,-6.4,-0.4,martike04
297,KJ Martin,SF,23,LAC,2,31,6.9,.460,.500,.200,3.8,7.0,5.5,4.2,3.2,2.9,15.5,18.1,,-0.1,0.0,0.0,-0.024,,-6.9,0.7,-6.3,0.0,martike04
297,KJ Martin,SF,23,PHI,32,284,7.2,.525,.121,.318,2.7,10.5,6.6,9.7,1.9,0.3,13.8,13.1,,-0.1,0.3,0.2,.038,,-6.1,-0.3,-6.4,-0.3,martike04
298,Garrison Mathews,SG,27,ATL,34,433,6.9,.654,.923,.132,2.2,8.8,5.4,4.6,0.9,0.8,13.5,10.5,,0.3,0.1,0.4,.041,,-2.9,-1.1,-4.0,-0.2,mathega01
299,Bennedict Mathurin,SF,21,IND,49,1263,13.3,.572,.310,.327,4.5,12.8,8.6,9.8,1.0,0.6,11.3,23.2,,0.8,0.4,1.2,.047,,-0.9,-2.4,-3.3,-0.4,mathube01
300,Wesley Matthews,SG,37,ATL,20,226,4.7,.431,.778,.422,1.8,11.4,6.5,6.3,1.9,1.5,10.1,10.7,,-0.1,0.1,0.0,-0.001,,-5.8,-0.1,-5.9,-0.2,matthwe02
301,Tyrese Maxey,PG,23,PHI,44,1645,20.6,.582,.414,.296,1.7,8.8,5.2,26.8,1.4,1.3,6.3,27.4,,4.3,1.4,5.7,.166,,4.6,-1.1,3.5,2.3,maxeyty01
302,Skylar Mays,PG-SG,26,TOT,26,386,12.5,.473,.345,.115,2.8,9.3,5.8,31.5,2.0,0.7,10.4,19.1,,0.1,0.3,0.4,.047,,-1.7,-0.3,-2.0,0.0,mayssk01
302,Skylar Mays,PG,26,POR,21,356,11.8,.457,.355,.123,2.7,9.4,5.9,31.7,1.9,0.8,11.0,19.5,,0.0,0.2,0.2,.030,,-2.0,-0.5,-2.5,-0.1,mayssk01
302,Skylar Mays,SG,26,LAL,5,30,20.8,.700,.200,.000,3.8,7.1,5.5,29.2,3.2,0.0,0.0,14.4,,0.1,0.0,0.2,.254,,2.1,2.6,4.7,0.1,mayssk01
303,Miles McBride,PG,23,NYK,37,399,13.6,.603,.606,.123,1.1,6.3,3.7,11.9,2.1,0.7,7.4,18.8,,0.7,0.5,1.1,.135,,-0.1,1.4,1.3,0.3,mcbrimi01
304,CJ McCollum,PG,32,NOP,35,1127,18.2,.602,.529,.174,2.1,12.4,7.3,21.7,1.7,2.6,9.7,23.5,,1.9,1.4,3.3,.140,,3.3,0.5,3.8,1.7,mccolcj01
305,T.J. McConnell,PG,31,IND,40,690,18.4,.554,.068,.174,3.5,14.1,8.8,41.5,2.9,0.5,17.6,20.8,,1.1,0.6,1.7,.116,,1.2,0.1,1.2,0.6,mccontj01
306,Jaden McDaniels,SF,23,MIN,40,1154,9.8,.593,.391,.101,3.3,7.3,5.4,6.7,1.5,1.5,11.7,15.7,,0.4,1.8,2.1,.089,,-2.9,0.9,-2.0,0.0,mcdanja02
307,Jalen McDaniels,SF,26,TOR,30,274,5.8,.431,.505,.202,3.2,11.9,7.5,7.6,1.9,1.0,10.8,18.9,,-0.5,0.2,-0.3,-0.046,,-6.5,-1.0,-7.5,-0.4,mcdanja01
308,Doug McDermott,SF,32,SAS,45,690,9.6,.622,.802,.080,1.2,6.2,3.7,11.2,0.8,0.2,9.9,14.8,,0.5,0.1,0.6,.043,,-1.1,-2.0,-3.1,-0.2,mcderdo01
309,JaVale McGee,C,36,SAC,37,302,19.3,.643,.026,.377,13.5,27.4,20.3,7.0,1.4,5.7,18.9,23.1,,0.2,0.5,0.7,.107,,-1.6,0.5,-1.1,0.1,mcgeeja01
310,Bryce McGowens,SG,21,CHO,39,633,8.4,.568,.465,.325,2.2,10.1,5.9,8.2,1.0,0.6,10.9,13.8,,0.2,0.0,0.3,.021,,-4.1,-1.5,-5.6,-0.6,mcgowbr01
311,Jordan McLaughlin,PG,27,MIN,29,272,14.7,.523,.577,.113,4.5,8.7,6.7,25.6,4.0,1.6,12.9,13.8,,0.3,0.6,0.9,.159,,0.6,4.5,5.1,0.5,mclaujo01
312,De'Anthony Melton,SG,25,PHI,33,959,13.2,.540,.588,.229,3.1,12.1,7.6,14.7,2.7,1.4,9.5,17.8,,0.7,1.2,2.0,.098,,-0.6,1.0,0.4,0.6,meltode01
313,Nathan Mensah,C,25,CHO,23,283,5.4,.513,.000,.522,10.1,13.8,11.9,3.9,1.0,4.5,31.5,6.3,,0.0,0.1,0.1,.021,,-8.5,0.0,-8.4,-0.5,mensana01
314,Sam Merrill,SG,27,CLE,32,521,15.2,.631,.856,.053,3.0,10.5,6.8,13.8,1.0,0.2,4.9,18.6,,1.2,0.6,1.8,.165,,2.5,-0.2,2.3,0.6,merrisa01
315,Chimezie Metu,C,26,PHO,37,447,13.9,.621,.392,.331,6.6,21.0,14.2,5.8,2.1,1.8,15.3,17.1,,0.4,0.6,1.0,.102,,-1.6,0.2,-1.4,0.1,metuch01
316,Vasilije Micić,PG,30,OKC,29,350,8.6,.503,.489,.211,0.3,6.7,3.7,26.2,1.2,0.8,20.9,15.4,,-0.1,0.3,0.2,.034,,-3.6,-1.3,-4.8,-0.3,micicva01
317,Khris Middleton,SF,32,MIL,42,1121,16.7,.589,.389,.188,2.6,14.7,8.9,27.1,1.6,0.9,14.1,23.5,,1.5,0.9,2.4,.103,,0.9,-0.3,0.6,0.8,middlkh01
318,Brandon Miller,SF,21,CHO,42,1309,12.3,.547,.431,.166,2.9,11.7,7.1,11.3,1.1,1.5,9.6,22.5,,0.1,0.2,0.3,.011,,-1.3,-2.1,-3.4,-0.5,millebr02
319,Jordan Miller,SF,24,LAC,4,16,12.1,.700,.200,.000,14.7,6.8,10.6,0.0,0.0,0.0,16.7,16.3,,0.0,0.0,0.0,.086,,-1.0,-4.4,-5.3,0.0,millejo02
320,Leonard Miller,SF,20,MIN,5,19,25.9,.722,.333,.000,0.0,50.8,27.1,9.8,2.6,4.6,10.0,23.2,,0.0,0.1,0.1,.231,,1.7,6.5,8.2,0.0,millele01
321,Dariq Whitehead,SF,19,BRK,2,24,4.8,.255,.600,.400,0.0,18.4,9.0,15.0,0.0,3.7,0.0,10.4,,0.0,0.0,0.0,-0.030,,-5.6,-2.3,-7.9,0.0,whiteda01
322,Patty Mills,PG,35,ATL,18,192,6.7,.520,.673,.000,2.7,7.6,5.1,8.4,2.0,0.5,14.0,12.1,,0.0,0.1,0.0,.010,,-4.1,0.0,-4.1,-0.1,millspa02
323,Shake Milton,SG,27,MIN,38,491,8.2,.496,.331,.275,1.8,9.6,6.0,14.1,1.6,0.9,13.5,18.6,,-0.3,0.8,0.4,.043,,-5.0,0.7,-4.3,-0.3,miltosh01
324,Justin Minaya,SF,24,POR,14,126,5.6,.381,.619,.286,5.9,7.6,6.7,6.2,1.6,3.6,11.3,9.0,,-0.1,0.1,0.0,.003,,-4.8,-0.1,-4.9,-0.1,minayju01
325,Josh Minott,SF,21,MIN,15,46,15.8,.558,.278,.667,2.7,4.7,3.7,9.6,1.1,5.7,4.1,23.2,,0.1,0.1,0.2,.160,,-2.0,1.2,-0.8,0.0,minotjo01
326,Davion Mitchell,PG,25,SAC,38,481,6.5,.472,.511,.153,1.4,7.9,4.6,17.6,0.9,0.4,13.1,14.9,,-0.2,0.3,0.1,.011,,-4.8,-0.9,-5.7,-0.5,mitchda01
327,Donovan Mitchell,SG,27,CLE,38,1351,23.4,.593,.433,.285,3.3,13.6,8.5,29.8,2.6,1.3,10.6,32.3,,3.0,2.3,5.3,.188,,5.5,1.7,7.2,3.2,mitchdo01
328,Evan Mobley,PF,22,CLE,24,772,18.6,.620,.051,.256,8.7,25.7,17.3,13.1,1.2,4.1,14.2,20.1,,1.1,1.5,2.6,.160,,-0.1,2.0,1.9,0.8,mobleev01
329,Isaiah Mobley,PF,24,CLE,3,14,16.0,.625,.500,.000,0.0,15.6,7.9,38.7,3.5,0.0,20.0,15.4,,0.0,0.0,0.1,.188,,0.6,4.5,5.1,0.0,mobleis01
330,Malik Monk,SG,25,SAC,47,1201,15.9,.578,.527,.260,1.6,10.3,5.9,29.8,1.1,2.2,14.3,24.4,,1.4,1.0,2.4,.095,,1.9,-0.8,1.1,0.9,monkma01
331,Moses Moody,SG,21,GSW,34,611,14.7,.601,.477,.257,6.8,12.0,9.4,6.5,1.8,1.5,8.9,18.7,,0.8,0.5,1.3,.105,,0.7,-0.1,0.6,0.4,moodymo01
332,Xavier Moon,SG,29,LAC,2,12,6.9,.500,.500,.000,0.0,18.2,9.4,30.6,0.0,0.0,33.3,10.9,,0.0,0.0,0.0,.029,,-3.4,1.2,-2.2,0.0,moonxa01
333,Taze Moore,SG,25,POR,3,10,14.3,.600,.400,.000,0.0,0.0,0.0,19.4,4.9,0.0,16.7,25.5,,0.0,0.0,0.0,.019,,-4.7,1.7,-3.0,0.0,mooreta02
334,Wendell Moore Jr.,SG,22,MIN,13,41,9.6,.625,.375,.000,0.0,13.1,7.0,6.7,4.8,2.1,27.3,11.8,,0.0,0.1,0.1,.075,,-5.7,5.7,0.0,0.0,moorewe01
335,Ja Morant,PG,24,MEM,9,318,20.4,.570,.300,.376,2.0,15.7,8.6,41.8,1.1,1.5,12.0,30.4,,0.5,0.3,0.8,.121,,2.6,0.4,3.1,0.4,moranja01
336,Marcus Morris,PF,34,PHI,36,613,10.4,.562,.441,.185,3.2,15.5,9.4,5.7,1.0,1.4,7.9,15.9,,0.4,0.6,1.0,.075,,-2.2,-1.2,-3.4,-0.2,morrima03
337,Markieff Morris,PF,34,DAL,16,150,5.4,.431,.596,.085,2.9,18.0,10.3,9.3,1.6,0.6,15.6,16.4,,-0.3,0.1,-0.1,-0.046,,-5.0,-1.4,-6.4,-0.2,morrima02
338,Monte Morris,PG,28,DET,6,68,8.4,.398,.333,.061,3.2,16.9,9.9,16.9,0.7,1.2,5.6,22.3,,-0.1,0.0,-0.1,-0.071,,-4.6,-2.3,-7.0,-0.1,morrimo01
339,Trey Murphy III,SF,23,NOP,24,621,14.1,.579,.691,.206,2.1,14.0,8.1,9.4,1.3,1.1,5.0,19.3,,0.8,0.6,1.4,.112,,0.9,-0.8,0.1,0.3,murphtr02
340,Dejounte Murray,SG,27,ATL,48,1680,16.8,.562,.349,.179,2.0,14.1,7.8,22.3,1.7,0.7,10.5,24.9,,2.0,0.8,2.7,.079,,1.3,-0.9,0.5,1.1,murrade01
341,Jamal Murray,PG,26,DEN,37,1179,20.3,.577,.354,.199,2.6,11.2,7.0,31.1,1.2,2.0,9.4,27.4,,2.5,1.2,3.6,.148,,4.6,-0.6,4.0,1.8,murraja01
342,Keegan Murray,SF,23,SAC,44,1446,13.9,.578,.513,.137,4.4,14.3,9.3,6.9,1.7,1.7,5.9,18.6,,1.5,1.5,2.9,.098,,-0.4,-0.5,-0.9,0.4,murrake02
343,Kris Murray,SF,23,POR,30,380,8.6,.467,.505,.114,5.3,11.4,8.2,6.7,3.0,1.4,12.7,14.1,,-0.3,0.4,0.1,.013,,-4.3,0.8,-3.5,-0.1,murrakr01
344,Mike Muscala,C,32,TOT,32,437,8.4,.505,.622,.198,6.8,16.6,11.6,8.0,0.6,2.0,12.3,13.3,,0.0,0.2,0.1,.015,,-3.7,-1.4,-5.1,-0.3,muscami01
344,Mike Muscala,C,32,WAS,24,338,7.6,.481,.567,.222,6.8,17.0,11.8,8.1,0.7,1.7,13.9,14.3,,-0.2,0.1,-0.1,-0.008,,-4.6,-1.8,-6.4,-0.4,muscami01
344,Mike Muscala,C,32,DET,8,99,11.1,.617,.857,.095,6.7,15.1,10.8,7.8,0.5,3.3,4.4,9.8,,0.2,0.0,0.2,.095,,-0.6,-0.2,-0.8,0.0,muscami01
345,Svi Mykhailiuk,SF,26,BOS,22,168,7.5,.465,.825,.095,3.3,9.0,6.3,7.8,2.0,0.0,8.4,18.3,,-0.1,0.2,0.1,.023,,-4.3,-0.5,-4.8,-0.1,mykhasv01
346,Larry Nance Jr.,C,31,NOP,31,551,16.2,.668,.325,.250,8.3,23.6,15.9,9.7,2.6,2.3,14.7,12.2,,0.9,1.0,1.9,.166,,0.5,2.3,2.8,0.7,nancela02
347,Pete Nance,PF,23,CLE,2,4,-18.7,.000,.000,.000,0.0,0.0,0.0,0.0,0.0,0.0,0.0,21.6,,0.0,0.0,0.0,-0.482,,-19.5,-8.9,-28.4,0.0,nancepe01
348,Andrew Nembhard,PG,24,IND,37,803,11.4,.542,.287,.121,3.0,6.4,4.7,26.0,1.7,0.2,18.0,19.2,,0.3,0.3,0.5,.031,,-1.8,-1.4,-3.2,-0.2,nembhan01
349,Aaron Nesmith,SF,24,IND,46,1240,14.2,.660,.528,.190,4.1,12.9,8.5,6.8,1.8,1.9,8.7,16.1,,2.1,0.8,2.9,.111,,0.6,0.0,0.6,0.8,nesmiaa01
350,Georges Niang,PF,30,CLE,47,1036,9.6,.555,.626,.103,1.7,16.8,9.4,8.1,0.5,0.9,8.1,17.5,,0.4,1.3,1.7,.078,,-2.6,-0.1,-2.7,-0.2,niangge01
351,Daishen Nix,PG,21,MIN,6,21,6.6,.450,.625,.250,0.0,5.1,2.7,0.0,2.3,0.0,0.0,18.6,,0.0,0.0,0.0,-0.004,,-4.9,0.3,-4.6,0.0,nixda01
352,Zeke Nnaji,PF,23,DEN,37,347,11.1,.522,.174,.424,13.5,12.0,12.7,7.3,1.3,5.0,18.0,16.7,,0.0,0.4,0.4,.062,,-4.7,-0.3,-5.0,-0.3,nnajize01
353,Jaylen Nowell,SG,24,MEM,9,156,6.6,.453,.418,.055,2.0,8.0,4.9,15.5,0.9,0.0,8.2,16.9,,-0.1,0.1,0.0,-0.006,,-6.0,-1.4,-7.4,-0.2,nowelja01
354,Markquis Nowell,SG,24,TOR,1,4,55.6,.532,.000,2.000,54.2,0.0,27.7,56.3,12.1,0.0,0.0,20.1,,0.0,0.0,0.1,.681,,29.0,14.5,43.4,0.0,nowelma01
355,Frank Ntilikina,PG,25,CHO,5,43,0.0,.253,.889,.222,2.5,13.8,7.8,11.3,0.0,0.0,9.2,11.0,,-0.1,0.0,-0.1,-0.103,,-10.0,-3.6,-13.7,-0.1,ntilila01
356,Jusuf Nurkić,C,29,PHO,47,1283,18.0,.575,.190,.367,11.8,30.7,21.8,18.9,1.8,3.2,16.5,19.9,,1.6,2.1,3.7,.140,,-0.6,1.4,0.9,0.9,nurkiju01
357,Jordan Nwora,SF,25,TOT,23,261,15.0,.586,.465,.211,5.2,14.9,10.0,12.8,1.6,1.0,10.7,22.4,,0.3,0.2,0.4,.082,,0.0,-1.7,-1.7,0.0,nworajo01
357,Jordan Nwora,SF,25,IND,18,183,12.1,.541,.439,.134,5.0,15.7,10.3,12.7,1.5,0.4,12.1,22.4,,0.0,0.1,0.1,.025,,-1.9,-2.3,-4.1,-0.1,nworajo01
357,Jordan Nwora,SF,25,TOR,5,78,22.0,.689,.531,.406,5.6,13.0,9.2,13.1,1.9,2.2,7.4,22.4,,0.3,0.1,0.3,.213,,4.3,-0.3,4.0,0.1,nworajo01
358,Royce O'Neale,SF,30,BRK,47,1143,10.1,.541,.815,.067,3.3,17.0,10.0,15.2,1.3,2.3,13.6,13.2,,0.5,1.1,1.6,.068,,-1.6,1.0,-0.6,0.4,onealro01
359,Chuma Okeke,SF,25,ORL,29,368,8.1,.494,.747,.053,5.5,16.9,11.1,6.2,0.9,1.8,10.2,12.6,,-0.1,0.5,0.4,.054,,-2.3,0.0,-2.3,0.0,okekech01
360,Josh Okogie,SG,25,PHO,44,797,11.8,.540,.456,.527,8.6,9.7,9.2,8.2,2.5,2.2,10.3,12.6,,0.8,0.9,1.7,.101,,-1.7,0.9,-0.8,0.2,okogijo01
361,Onyeka Okongwu,C,23,ATL,48,1198,16.3,.672,.187,.333,10.7,19.1,14.7,7.1,0.9,3.6,10.4,13.1,,2.9,0.7,3.6,.144,,-0.3,-0.4,-0.7,0.4,okongon01
362,Isaac Okoro,SF,23,CLE,38,1000,11.5,.590,.379,.335,5.3,8.0,6.6,9.3,1.6,1.3,9.5,13.6,,1.2,1.3,2.5,.121,,-2.1,1.2,-0.8,0.3,okorois01
363,Kelly Olynyk,C,32,UTA,49,1003,16.9,.676,.333,.369,6.8,20.3,13.6,28.6,1.8,1.1,21.7,15.5,,2.2,0.9,3.1,.151,,1.0,1.6,2.6,1.2,olynyke01
364,Eugene Omoruyi,SF,26,WAS,20,133,26.1,.647,.299,.373,12.7,17.9,15.3,17.1,4.2,0.6,10.3,27.5,,0.4,0.2,0.5,.195,,3.9,1.0,4.8,0.2,omorueu01
365,Cedi Osman,SF,28,SAS,50,907,11.7,.594,.564,.167,2.2,12.8,7.4,13.6,1.4,0.8,9.7,15.8,,0.7,0.5,1.2,.064,,-1.6,-0.7,-2.2,-0.1,osmande01
366,Kelly Oubre Jr.,SF,28,PHI,36,1009,13.4,.562,.412,.242,4.1,12.7,8.4,5.4,2.0,1.7,6.7,19.5,,0.8,1.2,1.9,.092,,-1.3,-0.6,-1.9,0.0,oubreke01
367,Chris Paul,PG,38,GSW,32,882,14.3,.543,.486,.171,1.2,13.7,7.5,34.0,2.0,0.3,12.6,14.4,,1.7,0.7,2.4,.130,,0.1,0.9,1.0,0.7,paulch01
368,Cameron Payne,PG,29,MIL,46,679,12.4,.610,.599,.189,0.8,8.3,4.7,20.0,1.4,0.4,11.6,16.2,,1.1,0.4,1.5,.103,,-0.9,-0.6,-1.6,0.1,payneca01
369,Gary Payton II,SG,31,GSW,16,261,11.3,.524,.405,.114,6.7,13.4,10.0,6.7,3.1,1.7,10.8,15.0,,0.0,0.3,0.4,.066,,-2.8,2.0,-0.8,0.1,paytoga02
370,Drew Peterson,PF,24,BOS,1,3,43.5,1.500,1.000,.000,0.0,0.0,0.0,59.9,0.0,0.0,0.0,14.3,,0.0,0.0,0.0,.751,,28.5,13.5,42.0,0.0,peterdr01
371,Filip Petrušev,C,23,TOT,3,10,5.0,.521,.000,1.000,0.0,11.1,5.5,0.0,0.0,0.0,0.0,12.2,,0.0,0.0,0.0,.026,,-4.9,-3.3,-8.1,0.0,petrufi01
371,Filip Petrušev,C,23,PHI,1,3,4.0,,,,0.0,36.9,18.4,0.0,0.0,0.0,,0.0,,0.0,0.0,0.0,.061,,-2.9,-2.2,-5.0,0.0,petrufi01
371,Filip Petrušev,C,23,SAC,2,7,5.4,.521,.000,1.000,0.0,0.0,0.0,0.0,0.0,0.0,0.0,17.5,,0.0,0.0,0.0,.011,,-5.7,-3.8,-9.5,0.0,petrufi01
372,Julian Phillips,SF,20,CHI,26,167,5.1,.502,.550,.275,3.3,7.6,5.3,6.4,0.3,3.1,11.8,13.4,,-0.1,0.1,0.0,.009,,-6.5,-0.9,-7.4,-0.2,phillju01
373,Jalen Pickett,SG,24,DEN,16,97,9.2,.571,.714,.071,1.2,11.3,6.3,15.7,1.5,0.0,17.2,15.7,,0.0,0.1,0.1,.052,,-2.3,-0.6,-3.0,0.0,pickeja02
374,Scotty Pippen Jr.,PG,23,MEM,6,128,15.9,.620,.333,.476,4.1,15.1,9.4,29.1,2.7,1.4,21.6,21.7,,0.1,0.2,0.3,.107,,-0.4,2.1,1.7,0.1,pippesc02
375,Mason Plumlee,C,33,LAC,18,332,16.2,.667,.000,.697,10.3,25.9,18.4,7.8,0.9,1.6,10.4,12.6,,0.8,0.4,1.2,.177,,0.2,0.2,0.4,0.2,plumlma01
376,Brandin Podziemski,SG,20,GSW,40,1019,13.5,.551,.402,.139,6.5,17.4,12.0,18.9,1.6,0.6,12.5,16.2,,1.1,0.9,2.0,.094,,-0.3,0.2,-0.1,0.5,podzibr01
377,Jakob Poeltl,C,28,TOR,38,1008,17.9,.682,.000,.317,11.0,24.0,17.3,13.0,1.2,4.7,17.2,15.3,,1.7,1.2,2.9,.140,,-0.7,1.2,0.5,0.6,poeltja01
378,Aleksej Pokusevski,PF,22,OKC,9,55,3.3,.358,.667,.267,4.3,15.5,10.2,10.7,0.9,1.7,15.2,15.6,,-0.1,0.1,-0.1,-0.051,,-7.5,-2.0,-9.5,-0.1,pokusal01
379,Jordan Poole,SG,24,WAS,47,1368,10.8,.518,.446,.215,1.3,7.2,4.2,17.6,1.6,1.0,12.1,25.7,,-1.3,0.4,-0.9,-0.031,,-3.5,-2.3,-5.8,-1.3,poolejo01
380,Craig Porter Jr.,PG,23,CLE,30,463,16.1,.562,.128,.280,3.4,14.8,9.2,28.1,1.8,2.3,15.2,20.3,,0.5,0.8,1.2,.126,,-0.7,1.8,1.2,0.4,portecr01
381,Jontay Porter,PF,24,TOR,14,200,14.6,.498,.541,.197,8.1,19.2,13.6,18.6,2.7,4.8,12.0,16.1,,0.1,0.3,0.4,.105,,-1.0,1.9,0.9,0.1,portejo01
382,Michael Porter Jr.,SF,25,DEN,51,1603,14.5,.588,.532,.096,4.7,19.8,12.4,6.1,0.7,2.0,7.4,20.1,,1.5,1.8,3.3,.099,,0.7,-1.4,-0.7,0.5,portemi01
383,Otto Porter Jr.,SF,30,TOR,15,174,8.7,.568,.697,.091,3.7,14.9,9.2,5.7,1.4,2.5,5.5,8.9,,0.1,0.1,0.3,.079,,-3.6,0.4,-3.2,-0.1,porteot01
384,Bobby Portis,PF,28,MIL,50,1186,16.0,.579,.296,.170,7.5,23.7,15.9,5.8,1.4,1.4,7.5,21.0,,1.3,1.3,2.6,.105,,-0.8,-1.2,-1.9,0.0,portibo01
385,Kristaps Porziņģis,C,28,BOS,36,1069,22.2,.652,.409,.440,6.2,17.9,12.3,10.1,1.1,5.6,10.0,24.1,,2.9,1.9,4.8,.216,,3.0,1.8,4.8,1.8,porzikr01
386,Micah Potter,PF,25,UTA,2,7,1.6,.000,1.000,.000,0.0,61.5,31.2,0.0,0.0,0.0,0.0,5.9,,0.0,0.0,0.0,-0.060,,-8.2,-3.4,-11.6,0.0,pottemi01
387,Dwight Powell,C,32,DAL,42,658,15.8,.751,.023,.908,12.5,15.0,13.8,13.6,1.6,2.2,17.0,9.5,,2.0,0.6,2.6,.188,,-0.1,0.8,0.7,0.5,poweldw01
388,Norman Powell,SG,30,LAC,48,1223,14.2,.638,.485,.234,0.8,10.6,5.9,5.9,1.0,1.3,7.4,19.6,,1.9,1.1,3.0,.117,,0.5,-0.9,-0.4,0.5,powelno01
389,Joshua Primo,SG,21,LAC,1,5,-15.5,.500,.500,.000,0.0,0.0,0.0,0.0,0.0,18.0,60.0,43.5,,-0.1,0.0,-0.1,-0.793,,-20.1,-8.2,-28.3,0.0,primojo01
390,Taurean Prince,PF,29,LAL,48,1464,8.4,.572,.656,.103,0.9,9.5,5.3,7.4,1.4,1.4,9.8,13.3,,0.1,1.2,1.3,.044,,-3.0,0.0,-2.9,-0.3,princta02
391,Payton Pritchard,PG,26,BOS,50,1042,13.1,.561,.674,.109,4.9,10.7,7.9,18.4,1.0,0.5,7.7,15.5,,1.9,1.2,3.0,.139,,0.3,0.2,0.6,0.7,pritcpa01
392,Olivier-Maxence Prosper,PF,21,DAL,25,239,10.3,.481,.492,.523,7.3,18.8,12.9,10.1,0.4,0.7,4.8,15.0,,0.2,0.1,0.3,.064,,-2.2,-1.7,-3.9,-0.1,prospol01
393,Trevelin Queen,SG,26,ORL,12,155,9.1,.484,.444,.333,2.2,11.3,6.7,15.5,2.2,3.0,14.5,13.4,,0.0,0.2,0.2,.065,,-4.1,1.8,-2.4,0.0,queentr01
394,Neemias Queta,C,24,BOS,22,269,19.3,.634,.000,.270,17.3,21.0,19.2,5.7,1.6,4.6,8.8,14.5,,0.7,0.5,1.3,.227,,-0.9,0.6,-0.3,0.1,quetane01
395,Immanuel Quickley,SG-PG,24,TOT,44,1174,16.4,.580,.476,.268,0.9,11.9,6.4,20.4,1.1,0.4,7.6,23.4,,2.3,1.0,3.2,.133,,2.1,-0.7,1.4,1.0,quickim01
395,Immanuel Quickley,SG,24,NYK,30,720,16.9,.598,.484,.281,0.8,11.0,5.9,15.6,1.1,0.4,7.6,24.0,,1.5,0.7,2.3,.152,,2.4,-0.1,2.3,0.8,quickim01
395,Immanuel Quickley,PG,24,TOR,14,454,15.6,.549,.462,.246,1.2,13.4,7.2,27.9,1.1,0.4,7.5,22.5,,0.7,0.2,1.0,.102,,1.6,-1.6,0.0,0.2,quickim01
396,Lester Quinones,SG,23,GSW,12,110,11.7,.605,.643,.143,8.9,13.9,11.4,7.7,0.4,0.8,15.2,20.1,,0.1,0.1,0.1,.051,,-0.9,-2.6,-3.5,0.0,quinole01
397,Julius Randle,PF,29,NYK,46,1630,18.6,.569,.292,.361,6.7,21.8,14.3,22.4,0.8,0.7,14.1,29.4,,1.9,2.1,4.0,.119,,1.9,-0.2,1.7,1.5,randlju01
398,Duop Reath,C,27,POR,38,667,16.4,.607,.515,.191,8.3,16.9,12.3,10.8,1.4,2.4,9.3,20.0,,1.1,0.6,1.7,.123,,0.7,-0.1,0.5,0.4,reathdu01
399,Austin Reaves,SG,25,LAL,51,1572,15.7,.617,.426,.332,2.7,11.2,7.1,23.8,1.4,0.5,14.1,20.6,,2.3,1.3,3.6,.110,,0.7,-0.5,0.2,0.9,reaveau01
400,Cam Reddish,SF,24,LAL,35,815,8.4,.519,.463,.224,2.7,8.5,5.7,7.4,2.5,1.2,11.8,13.5,,-0.3,0.9,0.6,.036,,-4.0,1.1,-2.9,-0.2,reddica01
401,Paul Reed,C,24,PHI,48,779,16.7,.582,.115,.162,13.4,20.5,16.9,10.2,2.1,4.0,12.5,15.8,,1.2,1.2,2.4,.148,,-0.8,0.6,-0.2,0.4,reedpa01
402,Naz Reid,C,24,MIN,50,1119,15.7,.608,.494,.152,4.9,17.8,11.8,7.3,1.6,2.9,11.1,22.4,,0.7,2.2,2.9,.125,,0.5,1.2,1.7,1.0,reidna01
403,Jared Rhoden,SG,24,DET,5,30,10.9,.658,.444,.222,3.7,11.5,7.5,14.2,0.0,0.0,16.8,16.7,,0.0,0.0,0.0,.051,,-2.7,-0.9,-3.6,0.0,rhodeja01
404,Nick Richards,C,26,CHO,39,993,17.2,.717,.000,.536,11.2,24.3,17.4,4.9,0.6,4.8,13.6,13.2,,2.2,0.6,2.9,.139,,-1.5,-0.8,-2.3,-0.1,richani01
405,Josh Richardson,SG,30,MIA,40,1042,11.1,.568,.547,.151,1.7,10.6,6.1,14.5,1.0,1.3,9.3,16.5,,0.7,0.9,1.7,.077,,-1.6,-0.3,-1.8,0.0,richajo01
406,Duncan Robinson,SF,29,MIA,45,1238,12.5,.612,.673,.145,1.0,9.3,5.1,15.9,1.1,0.6,11.3,19.5,,1.1,1.0,2.1,.082,,-0.2,-1.0,-1.2,0.2,robindu01
407,Jerome Robinson,SG,26,GSW,8,28,-2.7,.172,.556,.667,3.9,7.8,5.8,8.1,0.0,3.2,0.0,17.5,,-0.1,0.0,-0.1,-0.187,,-11.6,-5.4,-17.0,-0.1,robinje01
408,Mitchell Robinson,C,25,NYK,21,613,16.0,.567,.000,.388,20.3,18.6,19.4,3.2,2.6,4.1,15.5,9.4,,0.9,1.2,2.1,.161,,-0.4,1.1,0.7,0.4,robinmi01
409,Orlando Robinson,C,23,MIA,20,229,14.7,.603,.200,.333,9.2,21.6,15.3,17.3,1.1,3.0,15.9,15.8,,0.3,0.3,0.6,.130,,-1.6,0.7,-0.9,0.1,robinor01
410,Jeremiah Robinson-Earl,PF,23,NOP,19,205,13.9,.631,.368,.193,7.6,18.2,12.9,5.9,1.7,1.4,12.7,14.8,,0.3,0.3,0.5,.120,,-0.8,-0.1,-0.9,0.1,robinje02
411,David Roddy,PF,22,MEM,47,1091,8.5,.481,.403,.173,4.8,15.3,9.9,10.1,1.1,0.9,11.2,17.9,,-1.0,1.1,0.2,.007,,-4.2,-0.9,-5.1,-0.8,roddyda01
412,Ryan Rollins,PG,21,WAS,10,66,22.6,.631,.120,.680,3.2,14.8,8.9,23.6,5.7,3.7,17.7,25.2,,0.1,0.1,0.2,.140,,0.4,4.4,4.8,0.1,rolliry01
413,Derrick Rose,PG,35,MEM,18,320,12.8,.525,.263,.161,2.3,8.5,5.3,31.2,1.1,0.6,13.0,22.6,,0.0,0.3,0.3,.045,,-1.5,-1.2,-2.7,-0.1,rosede01
414,Terry Rozier,SG-PG,29,TOT,37,1280,17.7,.556,.416,.233,1.9,11.7,6.6,29.8,1.5,1.0,9.6,26.3,,1.5,0.5,2.0,.075,,2.5,-1.4,1.2,1.0,roziete01
414,Terry Rozier,SG,29,CHO,30,1065,19.0,.574,.423,.235,1.7,11.1,6.2,30.6,1.5,1.0,9.7,27.3,,1.6,0.2,1.9,.084,,3.7,-1.6,2.0,1.1,roziete01
414,Terry Rozier,PG,29,MIA,7,215,10.9,.439,.376,.224,3.1,14.5,8.7,25.7,1.6,0.9,8.8,21.0,,-0.1,0.2,0.1,.033,,-3.1,0.0,-3.1,-0.1,roziete01
415,Rayan Rupert,SG,19,POR,16,119,8.3,.451,.395,.186,6.2,14.1,9.9,13.4,1.2,0.0,11.4,18.8,,-0.1,0.1,0.0,-0.013,,-3.6,-2.4,-6.0,-0.1,ruperra01
416,D'Angelo Russell,PG,27,LAL,47,1448,16.1,.585,.458,.176,1.4,8.0,4.8,29.6,1.2,1.5,11.7,23.1,,1.8,1.1,2.9,.095,,1.7,-0.9,0.8,1.0,russeda01
417,Matt Ryan,SF,26,NOP,13,298,9.9,.679,.819,.169,1.9,9.2,5.6,6.2,0.8,0.3,15.2,15.2,,0.3,0.2,0.5,.077,,-0.7,-1.2,-1.9,0.0,ryanma01
418,Domantas Sabonis,C,27,SAC,48,1705,22.9,.658,.086,.384,9.9,31.8,20.6,33.4,1.1,1.4,18.2,22.1,,5.0,2.2,7.2,.202,,3.7,2.3,6.0,3.4,sabondo01
419,Luka Šamanić,PF,24,UTA,22,134,9.0,.489,.368,.298,5.8,25.7,15.9,4.2,0.4,2.0,12.2,22.8,,-0.1,0.1,0.0,-0.017,,-5.1,-2.6,-7.7,-0.2,samanlu01
420,Jermaine Samuels,SF,25,HOU,11,53,15.2,.758,.182,.182,4.1,18.3,11.2,5.4,0.9,1.8,0.0,9.6,,0.1,0.1,0.2,.195,,-0.3,1.2,0.9,0.0,samueje01
421,Adama Sanogo,PF,21,CHI,3,11,32.5,.926,.000,1.000,19.7,41.8,30.4,0.0,0.0,0.0,18.8,21.2,,0.1,0.0,0.1,.282,,8.9,1.8,10.7,0.0,sanogad01
422,Gui Santos,PF,21,GSW,8,61,11.0,.567,.533,.533,12.5,16.1,14.3,10.4,0.0,0.0,13.9,14.8,,0.1,0.0,0.1,.100,,-2.9,-2.1,-4.9,0.0,santogu01
423,Dario Šarić,C,29,GSW,44,903,16.9,.625,.509,.253,7.5,21.5,14.5,17.6,1.4,0.8,13.5,19.4,,1.8,0.9,2.7,.141,,1.9,0.4,2.3,1.0,saricda01
424,Olivier Sarr,C,24,OKC,11,81,12.3,.625,.429,.714,11.6,30.3,21.4,3.0,0.0,6.9,14.0,11.5,,0.1,0.2,0.3,.160,,-4.3,0.2,-4.1,0.0,sarrol01
425,Marcus Sasser,PG,23,DET,44,677,14.7,.605,.449,.125,1.0,10.0,5.4,25.5,1.6,1.0,12.9,19.3,,0.9,0.2,1.1,.081,,0.6,-0.8,-0.2,0.3,sassema01
426,Admiral Schofield,PF,26,ORL,12,46,-0.9,.378,.600,.133,2.4,15.3,8.7,11.9,0.0,0.0,20.1,18.6,,-0.2,0.0,-0.1,-0.121,,-9.3,-2.2,-11.5,-0.1,schofad01
427,Dennis Schröder,PG,30,TOR,49,1514,14.1,.560,.388,.260,1.6,8.5,5.0,27.5,1.5,0.4,11.5,19.4,,2.0,0.8,2.8,.089,,-0.5,-1.0,-1.5,0.2,schrode01
428,Dereon Seabron,SG,23,NOP,5,52,9.1,.448,.154,.462,2.1,12.7,7.4,9.5,1.9,1.9,0.0,12.9,,0.0,0.1,0.1,.079,,-3.0,1.2,-1.8,0.0,seabrde01
429,Alperen Şengün,C,21,HOU,49,1596,22.3,.594,.124,.333,9.0,21.8,15.4,26.3,1.7,2.1,12.6,27.5,,2.9,2.7,5.6,.169,,3.2,1.9,5.1,2.8,sengual01
430,Brice Sensabaugh,SF,20,UTA,4,12,11.5,.417,.333,.000,9.2,17.9,13.7,23.3,0.0,0.0,0.0,20.8,,0.0,0.0,0.0,.055,,-1.1,-3.3,-4.4,0.0,sensabr01
431,Collin Sexton,SG,25,UTA,51,1241,20.1,.611,.324,.378,3.9,7.5,5.8,28.6,1.4,0.6,11.6,27.7,,3.3,0.5,3.8,.146,,3.6,-1.5,2.1,1.3,sextoco01
432,Landry Shamet,SG,26,WAS,32,483,12.7,.581,.543,.196,2.4,7.0,4.6,12.4,1.5,1.2,8.5,20.6,,0.3,0.1,0.4,.044,,-1.3,-1.6,-2.9,-0.1,shamela01
433,Day'Ron Sharpe,C,22,BRK,37,592,21.3,.598,.036,.456,18.3,28.9,23.4,13.0,1.4,4.8,13.8,19.3,,1.3,0.9,2.2,.175,,0.2,0.7,0.8,0.4,sharpda01
434,Shaedon Sharpe,SG,20,POR,32,1059,11.3,.524,.415,.274,4.2,13.4,8.5,13.7,1.3,1.0,12.9,22.4,,-0.3,0.7,0.4,.018,,-2.1,-0.9,-3.0,-0.3,sharpsh01
435,Ben Sheppard,SG,22,IND,29,309,7.6,.478,.667,.161,2.6,11.9,7.2,8.9,2.3,0.0,5.1,13.2,,0.1,0.2,0.2,.037,,-4.4,0.1,-4.4,-0.2,sheppbe01
436,Pascal Siakam,PF,29,TOT,49,1687,19.0,.601,.215,.332,5.2,16.1,10.5,21.8,1.1,0.6,10.3,25.3,,3.1,1.0,4.2,.119,,2.3,-0.6,1.7,1.6,siakapa01
436,Pascal Siakam,PF,29,TOR,39,1354,18.8,.600,.233,.358,4.3,16.0,10.1,21.6,1.1,0.6,10.3,25.4,,2.4,0.9,3.3,.116,,2.0,-0.7,1.3,1.2,siakapa01
436,Pascal Siakam,PF,29,IND,10,333,19.9,.604,.148,.235,8.5,16.5,12.5,22.2,1.1,0.5,10.1,24.7,,0.7,0.2,0.9,.130,,3.2,0.0,3.1,0.4,siakapa01
437,Ben Simmons,PG,27,BRK,8,223,15.9,.573,.000,.098,10.4,29.7,19.8,32.8,0.9,2.4,27.2,11.2,,0.4,0.3,0.6,.137,,-0.5,2.7,2.2,0.2,simmobe01
438,Anfernee Simons,SG,24,POR,28,949,17.0,.577,.474,.222,1.7,10.8,5.9,27.1,0.7,0.4,11.2,28.4,,1.2,0.4,1.6,.079,,3.2,-2.3,0.9,0.7,simonan01
439,Jericho Sims,C,25,NYK,26,241,10.6,.731,.000,.259,9.2,16.4,12.8,4.2,0.4,3.8,18.9,6.5,,0.3,0.3,0.6,.125,,-2.7,0.7,-2.0,0.0,simsje01
440,Dmytro Skapintsev,C,25,NYK,2,2,-19.0,.000,.000,.000,0.0,0.0,0.0,0.0,0.0,0.0,0.0,21.3,,0.0,0.0,0.0,-0.467,,-16.3,-9.7,-26.0,0.0,skapidm01
441,Jalen Slawson,SF,24,SAC,5,19,5.4,.667,.333,.000,0.0,24.2,11.8,13.2,0.0,4.8,40.0,11.2,,0.0,0.0,0.0,-0.007,,-7.3,1.3,-6.0,0.0,slawsja01
442,Javonte Smart,PG,24,PHI,1,1,0.0,,,,0.0,0.0,0.0,0.0,0.0,0.0,,0.0,,0.0,0.0,0.0,.005,,-6.0,-2.2,-8.2,0.0,smartja01
443,Marcus Smart,PG,29,MEM,20,605,11.7,.552,.565,.236,1.0,8.8,4.8,22.5,3.3,0.8,19.2,22.9,,-0.6,0.8,0.2,.020,,-3.5,1.0,-2.4,-0.1,smartma01
444,Dennis Smith Jr.,PG,26,BRK,32,627,13.9,.503,.283,.170,5.5,12.9,9.1,28.1,3.0,1.0,14.6,18.1,,0.4,0.7,1.1,.086,,-2.3,1.8,-0.5,0.2,smithde03
445,Dru Smith,SG,26,MIA,9,131,12.7,.576,.515,.061,5.1,7.0,6.1,15.2,3.4,2.2,12.9,13.1,,0.1,0.2,0.3,.113,,-2.0,3.0,1.0,0.1,smithdr01
446,Ish Smith,PG,35,CHO,41,691,6.8,.449,.056,.028,1.7,10.5,5.8,25.9,1.0,0.5,23.6,12.0,,-0.4,0.0,-0.4,-0.029,,-5.5,-1.5,-6.9,-0.9,smithis01
447,Jabari Smith Jr.,PF,20,HOU,44,1368,13.6,.581,.425,.208,6.4,22.2,14.3,6.6,1.0,2.2,9.3,17.3,,1.2,2.1,3.3,.116,,-0.9,0.4,-0.5,0.5,smithja05
448,Jalen Smith,C,23,IND,36,659,20.4,.717,.361,.266,9.8,25.6,17.7,7.5,0.7,2.8,10.0,18.8,,1.9,0.5,2.4,.175,,3.1,-0.6,2.5,0.7,smithja04
449,Nick Smith Jr.,SG,19,CHO,33,515,8.4,.532,.500,.026,3.3,7.6,5.3,10.5,0.7,1.2,12.4,19.0,,-0.3,0.0,-0.3,-0.030,,-2.7,-2.8,-5.5,-0.5,smithni01
450,Terquavion Smith,PG,21,PHI,6,33,27.4,.657,.800,.150,0.0,0.0,0.0,34.9,5.9,0.0,8.6,30.1,,0.1,0.1,0.2,.266,,10.5,2.1,12.6,0.1,smithte01
451,Jeremy Sochan,PF,20,SAS,50,1475,11.4,.520,.280,.200,6.8,15.9,11.3,17.6,1.2,1.3,15.0,18.6,,-0.2,0.9,0.7,.024,,-2.5,-1.1,-3.6,-0.6,sochaje01
452,Jaden Springer,SG,21,PHI,30,333,9.8,.486,.314,.294,7.3,9.0,8.1,11.9,2.9,2.6,17.2,17.8,,-0.2,0.4,0.2,.031,,-4.6,0.6,-4.1,-0.2,sprinja01
453,Lamar Stevens,PF,26,BOS,19,122,14.4,.532,.178,.244,10.9,15.7,13.4,9.1,2.4,3.6,15.3,20.7,,0.0,0.2,0.2,.092,,-3.0,0.9,-2.1,0.0,stevela01
454,Isaiah Stewart,PF,22,DET,35,1070,11.0,.579,.434,.235,6.5,18.8,12.5,7.7,0.6,2.1,13.9,15.3,,0.5,0.4,0.9,.039,,-1.9,-1.0,-2.9,-0.2,stewais01
455,Julian Strawther,SF,21,DEN,33,458,9.3,.500,.622,.124,1.0,10.8,6.0,10.4,1.7,1.1,7.1,20.0,,-0.1,0.5,0.3,.035,,-3.9,-1.1,-5.0,-0.3,strawju01
456,Max Strus,SF,27,CLE,47,1545,10.7,.532,.663,.119,2.8,14.0,8.4,15.2,1.4,1.3,11.9,17.4,,0.4,2.2,2.6,.081,,-1.7,0.9,-0.8,0.5,strusma01
457,Jalen Suggs,SG,22,ORL,46,1228,12.7,.576,.529,.204,3.0,11.4,7.1,13.3,2.6,2.2,15.0,20.3,,0.1,2.0,2.1,.082,,-1.6,1.5,-0.1,0.6,suggsja01
458,Cole Swider,SF,24,MIA,9,44,10.4,.548,.714,.000,2.5,2.6,2.6,11.1,1.1,2.2,12.5,24.1,,0.0,0.0,0.0,-0.014,,0.2,-1.7,-1.5,0.0,swideco01
459,Jae'Sean Tate,SF,28,HOU,46,825,9.3,.547,.367,.158,5.8,14.1,9.9,8.4,1.8,1.0,9.6,10.9,,0.6,1.2,1.7,.100,,-3.7,1.6,-2.1,0.0,tateja01
460,Jayson Tatum,PF,25,BOS,47,1680,21.9,.604,.431,.359,2.8,21.2,12.4,19.8,1.4,1.4,10.3,30.0,,3.6,2.8,6.3,.181,,4.2,0.8,5.1,3.0,tatumja01
461,Terry Taylor,PF,24,CHI,18,131,9.9,.563,.250,.036,11.6,11.4,11.5,6.2,1.5,1.6,19.8,11.9,,0.0,0.1,0.2,.059,,-3.9,0.0,-3.9,-0.1,taylote01
462,Garrett Temple,SG,37,TOR,14,54,9.9,.480,.412,.235,8.0,12.5,10.2,14.3,1.8,0.0,13.8,17.3,,0.0,0.0,0.0,.029,,-2.9,-1.4,-4.3,0.0,templga01
463,Dalen Terry,SG,21,CHI,32,311,8.0,.483,.567,.328,3.5,15.5,9.3,15.8,1.4,2.6,18.1,13.2,,-0.1,0.3,0.2,.036,,-4.7,1.1,-3.6,-0.1,terryda01
464,Daniel Theis,C,31,TOT,37,640,14.3,.598,.210,.227,10.3,13.3,11.8,7.9,1.4,4.8,11.6,15.3,,0.9,0.8,1.7,.131,,-1.7,0.7,-1.0,0.2,theisda01
464,Daniel Theis,C,31,IND,1,8,-6.8,.250,.250,.000,0.0,0.0,0.0,0.0,0.0,0.0,0.0,20.7,,0.0,0.0,0.0,-0.259,,-13.2,-7.3,-20.5,0.0,theisda01
464,Daniel Theis,C,31,LAC,36,632,14.6,.605,.209,.232,10.4,13.4,12.0,8.0,1.4,4.8,11.8,15.2,,0.9,0.8,1.8,.136,,-1.6,0.8,-0.8,0.2,theisda01
465,Cam Thomas,SG,22,BRK,39,1137,16.0,.557,.318,.277,1.1,9.0,5.0,13.8,1.1,0.9,8.6,31.1,,0.5,0.6,1.1,.048,,0.2,-2.1,-1.8,0.0,thomaca02
466,Amen Thompson,SF,21,HOU,30,502,15.5,.547,.219,.388,7.3,21.6,14.5,18.8,3.1,2.1,16.5,19.2,,0.2,1.0,1.2,.114,,-1.9,2.9,1.0,0.4,thompam01
467,Ausar Thompson,SF,21,DET,49,1156,13.0,.517,.227,.255,10.1,21.5,15.7,10.8,1.9,3.3,14.2,16.7,,0.1,1.0,1.1,.045,,-2.9,0.3,-2.5,-0.2,thompau01
468,Klay Thompson,SF,33,GSW,44,1358,12.3,.558,.610,.138,1.8,10.2,6.0,10.9,0.9,1.6,9.4,23.4,,0.6,0.7,1.3,.045,,0.2,-1.9,-1.7,0.1,thompkl01
469,Tristan Thompson,PF,32,CLE,36,446,14.3,.600,.011,.447,14.8,19.8,17.3,12.0,0.9,2.2,17.0,13.1,,0.6,0.7,1.3,.141,,-1.9,0.9,-1.0,0.1,thomptr01
470,JT Thor,PF,21,CHO,40,548,7.3,.445,.435,.094,7.4,14.5,10.7,3.9,0.7,2.8,7.1,12.2,,-0.2,0.1,-0.1,-0.008,,-4.3,-1.8,-6.1,-0.6,thorjt01
471,Matisse Thybulle,SF,26,POR,48,1099,10.2,.563,.790,.079,1.9,8.0,4.8,7.0,3.3,3.0,9.9,10.2,,0.4,1.2,1.7,.074,,-2.7,3.0,0.3,0.6,thybuma01
472,Xavier Tillman Sr.,C,25,MEM,34,700,11.7,.440,.249,.202,8.4,16.4,12.3,12.0,2.9,4.6,11.1,16.0,,-0.6,1.2,0.7,.046,,-3.9,2.2,-1.7,0.0,tillmxa01
473,Jacob Toppin,SF,23,NYK,3,4,16.9,,,,0.0,0.0,0.0,28.8,0.0,23.0,,0.0,,0.0,0.0,0.0,.206,,5.7,7.0,12.7,0.0,toppija01
474,Obi Toppin,PF,25,IND,51,1163,15.3,.663,.414,.183,5.6,14.3,9.9,8.7,1.0,1.8,9.5,16.6,,2.2,0.5,2.8,.114,,1.1,-0.9,0.1,0.6,toppiob01
475,Juan Toscano-Anderson,SF,30,SAC,11,53,2.5,.292,.333,.000,8.3,21.6,14.9,8.9,0.9,1.7,14.3,11.2,,-0.1,0.1,0.0,-0.026,,-8.9,-0.6,-9.5,-0.1,toscaju01
476,Karl-Anthony Towns,PF,28,MIN,49,1624,19.2,.636,.321,.306,5.3,23.4,15.0,14.9,1.0,1.6,14.2,27.4,,2.3,3.1,5.4,.159,,1.8,1.1,2.8,2.0,townska01
477,Gary Trent Jr.,SG,25,TOR,44,1161,10.9,.557,.559,.094,1.1,8.6,4.8,7.8,1.6,0.4,5.9,18.7,,0.3,0.6,1.0,.040,,-1.5,-1.3,-2.8,-0.2,trentga02
478,Oscar Tshiebwe,PF,24,IND,6,34,24.9,.563,.000,.375,20.1,20.2,20.2,7.9,2.8,0.0,0.0,22.7,,0.1,0.0,0.2,.220,,5.2,-2.2,3.0,0.0,tshieos01
479,P.J. Tucker,PF,38,TOT,15,239,5.4,.492,.842,.158,7.8,12.4,10.1,3.8,1.8,1.1,16.4,4.4,,0.1,0.3,0.4,.082,,-4.3,1.0,-3.3,-0.1,tuckepj01
479,P.J. Tucker,PF,38,PHI,3,66,4.6,.600,1.000,.000,1.7,21.8,11.7,0.0,2.2,2.7,28.6,4.5,,0.0,0.1,0.1,.053,,-5.1,1.1,-4.0,0.0,tuckepj01
479,P.J. Tucker,PF,38,LAC,12,173,5.7,.457,.786,.214,10.2,8.8,9.5,5.3,1.7,0.5,11.5,4.4,,0.2,0.2,0.3,.092,,-4.0,0.9,-3.1,0.0,tuckepj01
480,Myles Turner,C,27,IND,48,1311,18.6,.617,.339,.354,7.0,22.3,14.6,6.3,0.9,5.2,9.6,23.1,,2.1,1.2,3.3,.122,,0.4,-0.4,0.0,0.7,turnemy01
481,Hunter Tyson,PF,23,DEN,9,27,-9.1,.143,.857,.000,0.0,24.4,12.4,4.2,0.0,0.0,22.2,14.5,,-0.2,0.0,-0.1,-0.230,,-15.6,-3.1,-18.7,-0.1,tysonhu01
482,Stanley Umude,SG,24,DET,15,155,13.4,.693,.614,.523,2.1,18.5,10.2,6.9,1.2,2.6,15.6,17.5,,0.2,0.1,0.3,.100,,-0.4,0.2,-0.1,0.1,umudest01
483,Jonas Valančiūnas,C,31,NOP,49,1288,21.0,.640,.182,.310,11.0,29.5,20.3,13.3,0.9,4.0,11.1,20.4,,3.2,2.1,5.3,.196,,1.7,0.7,2.4,1.4,valanjo01
484,Jarred Vanderbilt,PF,24,LAL,29,581,11.6,.578,.237,.316,8.1,17.8,13.2,7.9,2.9,0.8,17.7,11.7,,0.2,0.8,1.1,.088,,-3.1,1.3,-1.8,0.0,vandeja01
485,Fred VanVleet,PG,29,HOU,47,1727,16.0,.557,.570,.224,1.1,9.9,5.5,31.6,1.5,2.5,9.7,19.2,,2.9,2.2,5.2,.143,,2.4,1.0,3.3,2.3,vanvlfr01
486,Devin Vassell,SG,23,SAS,45,1422,15.8,.583,.464,.214,1.2,11.3,6.2,17.2,1.6,0.7,7.8,23.1,,1.4,0.8,2.2,.074,,1.1,-1.2,-0.1,0.7,vassede01
487,Sasha Vezenkov,PF,28,SAC,33,419,13.8,.576,.608,.063,7.9,15.1,11.4,4.6,1.7,1.5,6.3,17.6,,0.4,0.4,0.8,.094,,0.1,-1.0,-0.9,0.1,vezenal01
488,Gabe Vincent,PG,27,LAL,5,127,6.0,.411,.531,.063,1.8,2.5,2.2,14.9,2.2,0.0,5.7,11.8,,-0.1,0.1,0.0,.013,,-5.7,1.4,-4.2,-0.1,vincega01
489,Nikola Vučević,C,33,CHI,45,1524,17.2,.530,.261,.098,8.3,27.1,17.4,16.2,1.0,2.4,8.6,22.9,,1.2,2.0,3.1,.099,,0.2,-0.2,0.0,0.8,vucevni01
490,Dean Wade,PF,27,CLE,40,873,9.9,.595,.861,.106,4.2,17.7,11.1,4.9,2.0,1.4,9.2,10.3,,0.7,1.5,2.2,.119,,-2.1,2.1,0.0,0.4,wadede01
491,Franz Wagner,SF,22,ORL,42,1391,17.8,.569,.307,.270,3.9,15.9,9.8,19.9,1.6,0.9,9.5,26.2,,1.8,1.9,3.7,.128,,1.4,0.3,1.7,1.3,wagnefr01
492,Moritz Wagner,C,26,ORL,48,905,20.0,.664,.215,.382,9.2,19.2,14.1,11.2,1.3,1.5,11.8,22.2,,2.2,1.3,3.5,.185,,1.6,0.5,2.1,1.0,wagnemo01
493,Ish Wainright,SF,29,POR,7,46,10.1,.530,.889,.111,0.0,23.5,11.0,0.0,2.1,2.0,5.0,18.4,,0.0,0.1,0.0,.049,,-1.5,0.6,-0.9,0.0,wainris01
494,Jabari Walker,SF,21,POR,46,994,13.4,.561,.316,.361,9.5,24.7,16.6,5.7,1.4,1.6,11.4,16.5,,0.7,1.0,1.8,.086,,-2.5,-0.6,-3.1,-0.3,walkeja01
495,Jarace Walker,PF,20,IND,17,173,13.1,.536,.485,.106,5.3,13.9,9.6,14.2,2.4,2.7,12.6,19.0,,0.1,0.2,0.2,.057,,-0.5,0.1,-0.5,0.1,walkeja02
496,Lonnie Walker IV,SG,25,BRK,30,578,16.9,.611,.542,.151,1.5,10.9,6.1,13.2,1.9,1.5,9.8,24.8,,0.6,0.5,1.1,.091,,2.1,-0.5,1.6,0.5,walkelo01
497,Cason Wallace,SG,20,OKC,50,1053,11.5,.633,.529,.093,3.5,8.3,6.0,8.5,1.6,1.9,8.2,12.1,,1.4,1.2,2.6,.118,,-0.9,0.5,-0.4,0.4,wallaca01
498,Jordan Walsh,SF,19,BOS,3,15,14.1,.500,.500,.000,7.4,33.7,21.1,16.2,3.3,0.0,0.0,5.7,,0.0,0.0,0.1,.213,,-2.2,5.8,3.6,0.0,walshjo01
499,P.J. Washington,PF,25,CHO,42,1220,13.2,.555,.483,.178,4.5,16.2,10.1,11.3,1.5,2.4,11.1,20.9,,0.2,0.6,0.7,.029,,-1.4,-1.2,-2.6,-0.2,washipj01
500,TyTy Washington Jr.,PG,22,MIL,2,6,0.6,.500,.667,.000,0.0,17.7,9.1,0.0,7.9,0.0,40.0,35.3,,-0.1,0.0,0.0,-0.365,,-11.4,0.3,-11.1,0.0,washity02
501,Yuta Watanabe,SF,29,PHO,28,382,5.4,.502,.773,.155,3.5,9.7,6.8,3.3,1.2,1.6,13.4,13.6,,-0.3,0.3,0.0,.001,,-4.6,-1.4,-6.1,-0.4,watanyu01
502,Lindy Waters III,SG,26,OKC,20,153,9.9,.630,.935,.000,0.8,13.2,7.3,9.1,0.0,1.8,8.0,14.2,,0.2,0.1,0.3,.093,,-0.9,-1.3,-2.2,0.0,waterli01
503,Trendon Watford,PF,23,BRK,34,397,17.3,.613,.210,.203,7.9,17.5,12.6,19.3,1.9,1.6,13.8,19.4,,0.7,0.4,1.1,.133,,0.0,1.0,1.0,0.3,watfotr01
504,Peyton Watson,SF,21,DEN,49,888,12.9,.570,.376,.252,3.9,13.5,8.8,7.4,1.6,4.3,8.7,16.3,,0.6,1.2,1.8,.098,,-1.7,0.7,-1.0,0.2,watsope01
505,Victor Wembanyama,C,20,SAS,44,1257,21.8,.556,.303,.300,8.4,30.5,19.3,18.2,1.9,9.4,15.7,32.0,,-0.8,2.3,1.5,.057,,0.7,2.1,2.8,1.5,wembavi01
506,Blake Wesley,SG,20,SAS,29,338,10.1,.505,.213,.281,2.2,8.4,5.3,27.0,2.0,1.0,15.3,14.6,,0.1,0.2,0.3,.040,,-4.6,-0.2,-4.8,-0.2,weslebl01
507,Russell Westbrook,PG,35,LAC,48,1096,17.2,.527,.238,.238,7.7,19.4,13.8,29.6,2.3,1.6,16.5,24.8,,0.5,1.7,2.2,.096,,0.6,1.2,1.8,1.0,westbru01
508,Coby White,PG,23,CHI,50,1800,15.1,.589,.478,.214,1.6,13.3,7.3,21.5,0.9,0.7,11.7,22.4,,2.2,1.3,3.5,.093,,1.0,-1.0,0.0,0.9,whiteco01
509,Derrick White,SG,29,BOS,46,1473,16.8,.608,.569,.214,2.4,10.3,6.5,20.4,1.5,3.4,11.0,19.4,,2.9,2.1,5.0,.165,,2.2,1.5,3.7,2.1,whitede01
510,Cam Whitmore,SF,19,HOU,26,438,18.9,.591,.472,.247,4.7,19.4,12.1,4.2,2.0,1.3,6.5,27.3,,0.4,0.7,1.1,.118,,2.1,-0.2,1.8,0.4,whitmca01
511,Aaron Wiggins,SG,25,OKC,47,661,15.2,.692,.361,.165,5.7,12.6,9.3,9.1,1.6,0.7,11.1,15.4,,1.3,0.8,2.1,.153,,0.7,-0.1,0.5,0.4,wiggiaa01
512,Andrew Wiggins,SF,28,GSW,42,1137,10.4,.516,.296,.253,6.4,10.4,8.4,8.0,0.8,1.8,10.2,20.4,,0.0,0.6,0.6,.025,,-2.7,-1.9,-4.6,-0.8,wiggian01
513,Lindell Wigginton,PG,25,MIL,3,8,5.6,.510,.400,.400,0.0,0.0,0.0,0.0,0.0,0.0,14.5,36.4,,0.0,0.0,0.0,-0.156,,-14.6,-9.2,-23.9,0.0,wiggili01
514,Brandon Williams,PG,24,DAL,7,43,18.4,.576,.313,.563,5.0,7.8,6.4,26.5,1.1,2.1,9.1,21.8,,0.1,0.0,0.1,.130,,3.0,-0.9,2.0,0.0,willibr03
515,Grant Williams,PF,25,DAL,45,1192,8.1,.553,.664,.156,4.0,10.9,7.4,8.5,0.9,1.9,13.0,13.5,,0.3,0.6,0.9,.038,,-2.6,-0.9,-3.6,-0.5,willigr01
516,Jalen Williams,PF,22,OKC,44,1405,18.0,.623,.235,.242,1.9,11.7,7.0,20.2,1.6,1.5,10.3,22.7,,2.7,1.7,4.4,.150,,1.6,0.2,1.8,1.3,willija06
517,Jaylin Williams,C,21,OKC,42,514,11.8,.533,.640,.140,5.3,23.4,14.8,12.9,1.6,2.7,10.5,13.6,,0.4,0.9,1.3,.119,,-1.3,1.8,0.5,0.3,willija07
518,Jeenathan Williams,SG,24,HOU,7,55,12.3,.496,.130,.217,9.8,2.0,5.9,8.1,1.8,0.0,3.8,20.5,,0.0,0.1,0.1,.076,,-2.5,-0.8,-3.2,0.0,willije02
519,Kenrich Williams,PF,29,OKC,39,595,11.7,.571,.519,.065,6.1,15.1,10.8,10.1,1.9,0.9,8.7,12.7,,0.6,0.8,1.4,.117,,-1.0,0.7,-0.4,0.3,willike04
520,Mark Williams,C,22,CHO,19,508,22.3,.675,.000,.424,15.9,25.2,20.3,6.7,1.5,3.6,8.7,16.7,,1.6,0.4,2.0,.185,,1.4,-0.9,0.5,0.3,willima07
521,Patrick Williams,PF,22,CHI,43,1174,10.9,.553,.412,.184,4.3,11.7,7.9,7.8,1.7,2.9,12.8,16.6,,0.1,1.2,1.3,.053,,-2.4,0.1,-2.4,-0.1,willipa01
522,Robert Williams,C,26,POR,6,119,17.1,.684,.000,.346,9.8,27.3,18.0,6.3,2.9,5.3,18.9,13.2,,0.1,0.2,0.4,.143,,-2.4,2.9,0.5,0.1,williro04
523,Vince Williams Jr.,SG,23,MEM,38,956,12.7,.609,.644,.351,5.5,18.9,11.9,12.7,1.4,2.4,14.3,14.4,,0.9,1.3,2.2,.111,,-1.7,1.1,-0.6,0.3,willivi01
524,Ziaire Williams,SF,22,MEM,44,828,9.0,.506,.506,.192,3.8,16.3,9.8,11.8,1.6,1.0,14.6,20.3,,-0.9,1.0,0.1,.003,,-4.3,-0.4,-4.7,-0.6,willizi02
525,Zion Williamson,PF,23,NOP,39,1187,22.5,.620,.019,.454,6.4,13.7,10.0,25.4,1.6,1.2,12.5,29.0,,2.6,1.3,3.9,.158,,3.3,0.2,3.5,1.7,willizi01
526,Jalen Wilson,PF,23,BRK,11,104,19.8,.635,.250,.469,15.1,9.6,12.4,12.0,1.4,0.9,7.2,17.0,,0.4,0.1,0.4,.206,,2.5,-1.0,1.4,0.1,wilsoja03
527,Dylan Windler,SF,27,TOT,6,16,27.2,.857,.857,.000,0.0,20.2,10.4,31.2,0.0,0.0,0.0,18.8,,0.1,0.0,0.1,.350,,11.0,3.3,14.2,0.1,windldy01
527,Dylan Windler,SF,27,NYK,3,7,15.3,.750,1.000,.000,0.0,15.7,7.9,19.7,0.0,0.0,0.0,12.1,,0.0,0.0,0.0,.240,,3.6,3.9,7.5,0.0,windldy01
527,Dylan Windler,SF,27,LAL,3,9,36.5,.900,.800,.000,0.0,23.7,12.3,40.2,0.0,0.0,0.0,23.9,,0.1,0.0,0.1,.437,,16.7,2.7,19.4,0.1,windldy01
528,James Wiseman,C,22,DET,31,431,15.0,.677,.017,.302,10.5,21.3,15.8,6.0,0.4,3.8,16.5,15.4,,0.6,0.2,0.8,.088,,-2.4,-1.2,-3.6,-0.2,wisemja01
529,Christian Wood,PF,28,LAL,45,808,11.7,.558,.436,.357,5.1,26.3,16.1,7.8,0.8,3.4,14.7,17.4,,-0.2,1.1,0.9,.053,,-3.0,-0.1,-3.1,-0.2,woodch01
530,Delon Wright,PG,31,WAS,28,425,13.7,.489,.307,.237,2.7,11.2,6.9,22.7,3.5,1.3,7.4,13.5,,0.3,0.4,0.7,.081,,-2.2,2.0,-0.2,0.2,wrighde01
531,Thaddeus Young,PF,35,TOR,21,321,16.1,.612,.072,.120,8.4,14.1,11.2,20.5,2.6,0.8,10.3,13.0,,0.7,0.3,1.0,.146,,-0.3,1.2,0.9,0.2,youngth01
532,Trae Young,PG,25,ATL,44,1610,21.1,.589,.454,.404,1.4,7.1,4.1,44.3,1.9,0.5,15.7,30.8,,3.7,0.5,4.2,.125,,5.4,-2.0,3.4,2.2,youngtr01
533,Omer Yurtseven,C,25,UTA,27,265,10.9,.513,.188,.138,15.1,27.6,21.4,6.7,0.7,3.3,21.3,16.9,,-0.2,0.3,0.1,.017,,-4.4,-1.0,-5.4,-0.2,yurtsom01
534,Cody Zeller,C,31,NOP,34,283,11.5,.467,.059,.686,14.9,21.0,18.0,14.7,1.2,1.4,15.3,11.9,,0.3,0.4,0.6,.109,,-3.1,0.3,-2.8,-0.1,zelleco01
535,Ivica Zubac,C,26,LAC,39,1048,19.3,.663,.000,.338,14.0,25.8,20.1,6.5,0.4,4.5,11.0,16.7,,2.6,1.5,4.1,.189,,0.6,-0.1,0.5,0.7,zubaciv01